1641, 968
1646, 979
1646, 979
1646, 979
1647, 982
1647, 982
1647, 982
1647, 983
1647, 983
1647, 983
1647, 986
1647, 986
1647, 986
1649, 989
1649, 990
1649, 990
1649, 990
1973, 765
1972, 765
1972, 763
1972, 763
1970, 759
1970, 759
1970, 758
1970, 758
1969, 758
1969, 757
1969, 757
1968, 757
1968, 756
1968, 756
1967, 756
1967, 756
1967, 756
1967, 756
1966, 756
1966, 756
1966, 756
1965, 756
1761, 798
1761, 798
1760, 798
1760, 798
1757, 796
1757, 796
1757, 795
1757, 795
1757, 794
1974, 630
1974, 630
1975, 631
1975, 632
1977, 632
1977, 633
1978, 633
1978, 634
2108, 682
2062, 610
2062, 610
2061, 610
2061, 610
2060, 610
2060, 610
2059, 610
2058, 610
2058, 610
2057, 610
2057, 610
2056, 610
2055, 610
2055, 610
2054, 610
2054, 610
2053, 610
2053, 610
2052, 610
2052, 610
2052, 609
2052, 609
2052, 609
2052, 608
2052, 608
2053, 608
2053, 607
2053, 607
2054, 607
2055, 607
2055, 606
2055, 606
2056, 606
2056, 606
2056, 606
2056, 605
2056, 605
2056, 605
2056, 605
2056, 605
2056, 605
2055, 606
2054, 606
2054, 606
2053, 607
2053, 607
2052, 608
2051, 609
2050, 609
1980, 631
1977, 633
1974, 634
1853, 662
1852, 662
1851, 663
1850, 663
1849, 664
1849, 664
1848, 664
1847, 664
1846, 664
1846, 664
1845, 664
1845, 664
1844, 664
1844, 664
1844, 664
1845, 664
1845, 664
1846, 664
1846, 664
1846, 664
1846, 663
1847, 663
1848, 663
1848, 663
1849, 663
1849, 663
1850, 662
1850, 662
1851, 662
1852, 662
1852, 662
1853, 661
1853, 661
1854, 661
1897, 638
1898, 638
1899, 638
1899, 637
1899, 637
1899, 637
1900, 637
1900, 636
1901, 636
1901, 636
1901, 636
1902, 635
1901, 634
1901, 634
1900, 634
1900, 634
1899, 634
1899, 634
1898, 634
1897, 634
1897, 634
1664, 654
412, 784
411, 784
410, 784
410, 784
409, 784
408, 784
407, 786
408, 786
408, 786
409, 786
409, 786
410, 786
410, 786
410, 787
411, 787
411, 788
412, 788
412, 788
412, 788
413, 788
413, 788
414, 788
414, 788
465, 790
465, 790
466, 790
466, 790
466, 790
468, 789
469, 788
469, 787
469, 787
469, 786
469, 786
478, 744
478, 743
478, 742
478, 742
478, 742
479, 741
479, 741
479, 740
479, 740
479, 739
479, 738
479, 738
479, 738
479, 738
480, 738
480, 738
480, 738
480, 739
480, 739
480, 740
480, 740
481, 740
481, 741
481, 741
482, 742
482, 743
482, 743
482, 744
482, 744
482, 744
520, 802
520, 802
520, 803
520, 803
520, 804
520, 805
520, 805
520, 805
521, 806
522, 806
522, 806
522, 806
522, 807
523, 807
523, 807
523, 807
524, 807
524, 807
525, 807
525, 807
526, 807
526, 807
543, 753
543, 752
543, 752
543, 750
543, 750
543, 749
543, 748
544, 748
544, 747
544, 746
544, 745
544, 745
544, 744
544, 743
544, 742
545, 742
545, 741
545, 740
545, 739
545, 739
545, 738
545, 738
546, 738
546, 737
546, 737
546, 736
546, 735
546, 735
546, 734
546, 734
546, 733
546, 733
546, 732
546, 731
546, 731
546, 730
546, 730
546, 729
546, 729
546, 729
546, 728
545, 728
545, 728
545, 729
545, 729
545, 730
545, 730
544, 730
544, 731
544, 732
544, 732
544, 733
544, 733
544, 734
544, 734
544, 735
544, 736
544, 736
544, 737
544, 737
544, 738
544, 738
544, 739
544, 740
544, 740
544, 740
544, 741
544, 741
544, 742
544, 742
544, 743
544, 743
544, 744
544, 745
544, 745
544, 746
544, 746
544, 747
544, 747
545, 747
545, 748
545, 749
545, 749
545, 750
545, 750
545, 751
546, 751
546, 752
546, 753
546, 753
546, 754
547, 754
547, 754
559, 758
559, 758
560, 758
560, 758
728, 763
728, 763
729, 763
729, 763
729, 763
742, 752
743, 752
743, 752
743, 751
743, 751
744, 751
744, 750
744, 750
744, 750
744, 749
745, 749
745, 749
745, 749
745, 748
746, 748
746, 748
747, 748
747, 747
747, 747
753, 734
754, 734
754, 733
754, 733
755, 732
755, 732
755, 731
755, 730
755, 730
755, 729
755, 729
755, 728
755, 728
755, 727
755, 726
755, 726
755, 725
755, 725
755, 724
755, 724
755, 723
755, 723
755, 723
755, 722
754, 721
754, 721
754, 721
754, 720
754, 720
753, 720
753, 719
753, 719
753, 719
752, 719
752, 718
752, 717
752, 717
752, 717
752, 717
752, 717
752, 716
752, 716
752, 715
752, 715
752, 714
752, 714
752, 713
752, 713
752, 713
905, 548
906, 548
906, 548
906, 547
906, 546
906, 545
906, 545
906, 544
906, 543
906, 543
906, 542
906, 541
906, 541
906, 540
906, 539
906, 538
906, 537
906, 536
906, 532
906, 531
906, 530
905, 529
893, 421
928, 433
928, 434
926, 435
921, 498
921, 500
921, 501
921, 502
921, 504
919, 518
919, 518
919, 519
918, 520
918, 521
917, 522
917, 522
917, 523
916, 524
916, 525
916, 526
909, 536
908, 536
907, 537
906, 538
905, 539
904, 540
903, 542
901, 543
900, 544
899, 545
898, 546
897, 547
895, 548
894, 549
893, 551
891, 551
846, 580
843, 581
702, 617
696, 618
683, 620
678, 620
397, 587
397, 587
397, 586
677, 525
679, 526
683, 527
683, 528
685, 528
685, 528
686, 529
686, 529
686, 530
687, 531
687, 531
688, 531
688, 531
688, 532
688, 532
691, 541
691, 542
691, 543
691, 543
691, 545
691, 546
691, 546
691, 548
691, 549
691, 550
691, 551
691, 552
691, 553
691, 554
691, 555
691, 556
683, 619
683, 619
683, 621
683, 623
683, 624
683, 625
692, 647
858, 690
962, 671
964, 671
966, 670
969, 669
972, 668
975, 668
977, 666
1124, 569
332, 399
332, 397
332, 397
331, 397
331, 396
331, 396
330, 396
330, 396
330, 395
330, 395
329, 395
329, 395
329, 395
329, 395
329, 395
330, 395
330, 395
331, 395
331, 395
332, 395
333, 395
334, 395
667, 359
667, 359
667, 360
667, 360
667, 362
667, 362
667, 363
667, 363
667, 363
667, 364
667, 364
667, 364
666, 364
666, 365
666, 365
666, 366
666, 366
666, 366
666, 367
655, 376
650, 379
648, 380
648, 380
643, 383
643, 383
641, 384
639, 385
639, 385
638, 386
638, 386
638, 386
637, 386
637, 386
608, 394
607, 395
604, 401
604, 401
604, 402
604, 402
602, 405
602, 405
602, 406
602, 406
602, 407
602, 407
602, 408
602, 408
602, 409
602, 409
603, 409
603, 409
603, 409
603, 410
604, 410
604, 410
604, 410
605, 411
605, 411
606, 411
606, 411
606, 411
637, 408
637, 408
638, 407
638, 407
638, 407
639, 406
640, 406
641, 406
641, 406
641, 406
642, 405
642, 405
643, 405
894, 410
895, 410
897, 410
907, 408
907, 408
908, 408
910, 408
912, 408
913, 408
1241, 468
1239, 468
1237, 468
981, 490
979, 490
963, 494
962, 494
961, 494
924, 501
922, 502
919, 502
791, 540
791, 540
791, 541
789, 542
789, 542
789, 543
787, 544
787, 544
786, 545
785, 546
784, 547
708, 627
707, 628
706, 629
705, 631
704, 632
693, 646
692, 647
657, 709
657, 709
658, 709
658, 710
658, 710
658, 711
658, 711
752, 731
753, 730
754, 730
756, 729
756, 729
757, 728
943, 531
944, 528
945, 527
946, 526
947, 523
948, 522
949, 520
958, 499
958, 498
959, 496
959, 495
960, 493
960, 493
986, 449
986, 449
986, 447
987, 447
987, 447
987, 446
987, 446
988, 445
988, 445
988, 444
988, 444
988, 443
989, 443
989, 443
989, 443
989, 444
989, 444
989, 445
989, 445
989, 446
989, 446
989, 446
989, 447
989, 448
990, 448
990, 449
991, 449
1126, 564
1126, 564
1126, 565
1125, 565
1125, 566
1125, 567
1125, 567
1124, 569
1124, 569
1123, 571
1123, 572
1122, 572
1122, 573
1122, 573
1122, 574
1122, 574
1110, 589
1110, 590
1110, 591
1109, 592
1108, 592
1106, 593
1106, 594
1105, 594
1105, 594
1104, 594
1103, 594
1103, 595
1103, 596
1103, 596
1103, 596
1102, 596
1102, 596
1101, 596
1097, 600
1097, 600
1096, 600
1095, 601
1095, 601
1094, 601
1094, 601
1093, 602
1093, 602
1093, 602
1092, 602
1091, 603
1005, 616
1002, 616
998, 616
995, 616
992, 616
988, 616
984, 616
981, 616
971, 616
967, 616
962, 616
951, 615
947, 615
943, 615
762, 592
762, 590
760, 589
758, 589
758, 589
697, 552
696, 552
695, 551
695, 551
694, 551
694, 550
693, 550
693, 549
692, 548
692, 548
691, 548
690, 547
690, 547
690, 546
689, 546
689, 546
689, 546
689, 545
688, 545
688, 544
688, 544
688, 543
687, 543
687, 543
686, 543
685, 542
685, 541
685, 541
684, 540
683, 539
682, 538
682, 537
681, 537
681, 537
681, 536
681, 536
680, 536
680, 535
680, 534
680, 534
679, 533
678, 533
675, 526
675, 526
675, 525
673, 522
664, 501
664, 501
667, 498
667, 498
698, 510
700, 511
701, 511
702, 511
704, 512
705, 513
764, 543
767, 543
769, 544
771, 546
773, 546
838, 574
838, 574
840, 574
842, 575
843, 576
844, 576
845, 576
846, 577
847, 578
861, 582
862, 582
943, 611
944, 611
945, 611
946, 611
947, 612
949, 612
950, 613
951, 613
952, 613
962, 614
963, 614
963, 614
964, 614
964, 614
966, 614
966, 614
967, 614
968, 614
969, 614
970, 615
970, 615
972, 616
972, 616
983, 617
984, 617
985, 617
986, 617
987, 618
988, 618
990, 618
991, 618
992, 619
994, 619
999, 619
1001, 619
1003, 620
1004, 621
1005, 621
1008, 621
1138, 638
1141, 638
1142, 638
1143, 638
1381, 621
1382, 621
1382, 621
1383, 621
1383, 621
1384, 621
1384, 622
1384, 622
1385, 623
1385, 623
1385, 623
1384, 623
1384, 624
1383, 625
1383, 625
1383, 625
1383, 626
1382, 626
966, 685
965, 685
962, 685
961, 685
960, 684
919, 681
919, 681
919, 681
749, 598
693, 555
692, 555
691, 555
691, 554
690, 554
690, 553
689, 553
689, 553
689, 552
688, 552
688, 552
687, 552
687, 551
681, 545
681, 544
681, 544
681, 543
681, 543
681, 542
681, 542
681, 541
681, 540
681, 540
681, 539
681, 539
681, 538
681, 538
681, 537
681, 536
681, 536
681, 535
682, 535
682, 534
682, 534
682, 533
682, 532
683, 532
683, 532
683, 531
684, 531
684, 530
684, 530
685, 529
685, 528
685, 528
686, 527
686, 527
686, 526
686, 526
687, 526
687, 525
693, 516
694, 515
694, 515
694, 515
695, 515
696, 514
696, 514
697, 514
697, 514
698, 514
698, 513
698, 513
698, 513
699, 513
700, 512
700, 512
701, 512
701, 511
702, 511
702, 511
920, 501
922, 501
951, 500
953, 500
955, 500
956, 499
958, 499
960, 498
961, 497
964, 497
967, 496
973, 495
973, 495
974, 495
974, 495
975, 495
976, 495
977, 495
977, 495
978, 495
978, 494
979, 494
979, 494
980, 494
980, 494
980, 494
980, 494
980, 494
979, 495
979, 496
979, 496
979, 496
978, 496
978, 497
978, 497
978, 498
977, 498
977, 498
976, 498
976, 499
976, 499
949, 521
949, 522
948, 522
947, 523
946, 523
944, 524
944, 524
943, 525
942, 525
929, 532
926, 534
925, 534
924, 534
921, 535
921, 536
920, 536
919, 536
918, 538
917, 538
916, 538
914, 539
914, 540
913, 540
912, 541
911, 541
911, 541
910, 541
909, 542
908, 543
908, 543
907, 543
907, 544
906, 544
906, 544
905, 544
904, 545
904, 545
904, 546
903, 546
902, 547
901, 547
901, 547
900, 547
900, 547
897, 548
897, 548
897, 549
896, 549
896, 549
895, 549
895, 549
894, 549
893, 549
893, 549
892, 549
892, 549
892, 549
891, 549
891, 549
890, 549
889, 549
889, 549
888, 549
888, 549
887, 549
887, 549
886, 549
885, 549
885, 549
884, 549
884, 549
883, 549
883, 549
883, 549
883, 549
883, 549
883, 548
883, 548
883, 547
883, 546
883, 546
883, 545
883, 545
883, 545
883, 544
883, 544
883, 544
883, 543
884, 543
884, 543
884, 542
885, 542
886, 542
886, 542
886, 542
886, 541
887, 541
887, 541
888, 541
888, 540
889, 540
889, 540
890, 540
890, 539
893, 538
903, 531
904, 530
905, 530
907, 529
908, 528
908, 528
909, 528
909, 527
912, 526
912, 525
913, 525
913, 525
914, 524
914, 524
915, 524
915, 523
916, 522
917, 522
917, 522
918, 522
918, 521
919, 521
919, 521
919, 521
920, 520
921, 520
921, 520
921, 519
922, 519
922, 518
923, 518
923, 518
923, 518
924, 517
925, 517
925, 517
926, 516
926, 516
926, 516
928, 515
928, 515
952, 500
953, 500
953, 500
954, 499
954, 499
955, 499
956, 498
957, 497
958, 497
958, 497
960, 497
960, 497
961, 496
962, 496
963, 496
963, 496
964, 495
965, 495
965, 495
967, 494
967, 494
969, 493
969, 493
970, 492
971, 492
971, 492
972, 492
973, 492
1025, 538
1021, 538
1018, 538
950, 535
950, 534
949, 534
949, 534
948, 533
947, 532
946, 532
945, 532
944, 532
942, 530
942, 530
942, 530
929, 517
928, 516
927, 514
927, 514
923, 504
923, 503
923, 503
923, 501
922, 501
922, 500
922, 499
897, 411
897, 410
897, 409
897, 409
896, 408
896, 407
895, 406
895, 406
895, 405
895, 405
895, 404
895, 403
895, 402
895, 402
894, 401
894, 401
893, 401
893, 400
893, 400
893, 400
893, 400
893, 400
893, 401
893, 401
893, 402
893, 403
893, 403
893, 404
893, 404
893, 405
893, 405
893, 406
893, 407
893, 408
893, 408
893, 409
893, 410
893, 410
893, 411
894, 418
894, 419
846, 573
846, 574
844, 575
844, 575
843, 576
842, 576
841, 577
840, 578
839, 578
710, 629
709, 629
707, 630
706, 630
704, 631
703, 631
702, 631
335, 622
334, 622
334, 621
333, 621
333, 620
332, 620
331, 619
330, 619
329, 619
328, 618
328, 618
181, 487
181, 487
180, 487
180, 486
180, 486
180, 486
179, 486
179, 486
179, 485
179, 484
179, 484
179, 483
179, 483
179, 483
179, 483
179, 482
180, 482
180, 482
630, 561
631, 561
631, 561
631, 561
669, 611
671, 611
671, 611
671, 612
672, 612
673, 613
674, 614
674, 614
675, 614
676, 616
678, 617
679, 618
681, 618
681, 618
682, 619
682, 619
683, 620
683, 620
684, 621
685, 621
685, 621
686, 621
686, 622
687, 622
703, 629
703, 629
704, 629
705, 630
707, 631
708, 631
709, 631
946, 652
947, 652
950, 652
952, 652
956, 652
1657, 650
1658, 650
1658, 650
1659, 650
1660, 650
1660, 650
1661, 651
1661, 652
1661, 652
1661, 652
1662, 652
1662, 652
1663, 652
1663, 653
1664, 653
1664, 653
1665, 653
1665, 653
1665, 653
1665, 653
1665, 652
1665, 651
1664, 651
1663, 651
1663, 650
1663, 650
1663, 650
1662, 650
1662, 649
1662, 649
1661, 649
1661, 648
1661, 648
1660, 647
1660, 647
1659, 647
1659, 646
1658, 646
1018, 633
1016, 633
1013, 633
960, 635
957, 635
710, 630
708, 629
706, 629
706, 628
704, 628
702, 628
687, 624
686, 624
685, 624
684, 624
683, 624
683, 623
682, 623
680, 622
680, 622
679, 622
676, 621
676, 621
676, 621
675, 620
675, 620
675, 620
674, 620
673, 620
673, 619
672, 618
672, 618
672, 618
672, 617
672, 617
672, 616
672, 616
672, 615
672, 614
672, 614
672, 613
672, 613
672, 612
672, 612
672, 611
672, 611
672, 610
673, 609
673, 609
673, 608
674, 608
674, 608
715, 571
780, 547
783, 545
786, 545
790, 545
804, 542
807, 541
811, 540
915, 522
921, 520
1974, 633
1974, 633
1974, 633
1975, 632
1977, 632
1977, 631
1978, 631
1978, 630
1979, 630
2055, 620
2055, 620
2056, 620
2057, 620
2057, 620
2059, 618
2059, 618
2059, 617
2059, 616
2059, 616
2059, 614
2059, 614
2059, 613
2059, 612
2059, 612
2059, 611
2059, 611
2059, 610
2059, 610
2059, 609
2060, 609
2060, 609
2060, 608
2060, 607
2060, 607
2060, 606
2061, 606
2061, 606
2065, 593
2081, 545
2081, 544
2052, 511
2052, 511
2051, 505
2051, 505
1933, 546
1933, 547
1932, 547
1931, 547
1931, 547
1931, 548
1931, 548
1931, 548
1931, 548
1931, 549
1931, 549
1931, 550
1931, 551
1931, 551
1930, 551
1929, 552
1929, 552
1929, 552
1245, 445
1244, 444
1243, 444
1242, 443
1241, 443
1241, 443
1241, 442
1240, 442
1239, 442
1240, 442
1240, 442
1240, 442
1241, 443
1241, 443
1241, 444
1242, 444
1242, 444
1242, 444
1242, 445
1243, 446
1244, 446
1244, 447
1244, 447
1244, 447
1250, 462
1250, 462
1250, 462
1247, 464
1247, 464
1247, 464
1246, 464
1246, 464
1246, 465
1245, 465
1245, 465
1244, 465
1243, 465
1243, 465
1242, 466
1242, 466
1241, 466
1241, 467
1240, 467
1239, 467
1239, 467
1238, 467
1238, 467
1238, 468
1237, 468
1237, 468
1237, 470
1237, 470
1238, 471
1567, 482
1567, 481
1567, 480
1567, 478
1567, 477
1567, 476
1567, 474
1518, 429
1519, 429
1563, 475
1563, 475
1564, 475
1564, 476
1564, 476
1565, 476
1565, 476
1566, 477
1566, 477
1566, 477
1567, 477
1567, 478
1568, 478
1568, 478
1568, 479
1569, 479
1569, 479
1570, 479
1570, 480
1571, 480
1571, 480
1572, 481
1573, 481
1573, 481
1574, 481
1574, 481
1575, 482
1575, 482
1576, 483
1577, 483
1577, 483
1578, 483
1581, 485
1582, 485
1582, 485
1583, 485
1584, 486
1586, 487
1586, 487
1587, 487
1587, 487
1588, 487
1588, 488
1589, 488
1590, 488
1590, 489
1590, 489
1591, 489
1592, 489
1592, 489
1592, 489
1593, 489
1593, 489
1594, 489
1594, 490
1595, 490
1596, 490
1596, 490
1597, 490
1597, 490
1598, 490
1598, 490
1600, 490
1600, 490
1601, 491
1601, 491
1602, 491
1602, 491
910, 404
910, 404
910, 405
910, 405
910, 406
910, 407
910, 407
910, 408
909, 408
909, 409
909, 409
909, 410
909, 410
909, 411
909, 412
909, 412
924, 433
925, 433
925, 434
925, 434
926, 434
926, 434
927, 434
927, 434
927, 434
928, 434
929, 434
929, 435
929, 435
930, 435
930, 435
1015, 431
1015, 431
1016, 431
1017, 431
1018, 430
1019, 430
1020, 429
1021, 429
1021, 429
1022, 429
1023, 429
1023, 429
1024, 429
1024, 429
1025, 428
1025, 428
1026, 428
1026, 428
1026, 427
1027, 427
1028, 427
1028, 427
1028, 427
1029, 427
1029, 427
1029, 427
1029, 427
1029, 427
1028, 427
1028, 427
1027, 427
1027, 427
1026, 427
1026, 427
1026, 427
1025, 427
1025, 427
1024, 427
1024, 427
1023, 427
1022, 427
1022, 427
1021, 428
1021, 428
1020, 428
1020, 428
1019, 428
1018, 428
1018, 428
1017, 428
1017, 428
1016, 428
1016, 428
1015, 428
1014, 428
1014, 428
1013, 428
1013, 428
913, 408
911, 408
909, 407
908, 407
897, 405
896, 405
894, 405
892, 405
788, 400
788, 400
787, 400
787, 400
787, 400
786, 401
785, 401
785, 401
785, 401
784, 401
784, 401
783, 401
783, 401
715, 417
714, 417
714, 418
714, 418
714, 418
713, 418
713, 419
713, 419
712, 419
712, 419
711, 419
711, 419
711, 419
711, 420
710, 420
709, 420
709, 420
709, 420
708, 421
707, 421
707, 421
707, 422
685, 439
685, 439
685, 439
684, 439
684, 440
684, 440
684, 441
683, 441
683, 441
683, 441
683, 442
682, 443
682, 443
682, 444
682, 444
682, 444
683, 444
683, 444
683, 444
683, 444
684, 444
684, 443
685, 443
686, 443
686, 443
687, 443
687, 442
687, 442
688, 442
688, 442
708, 539
708, 540
708, 540
707, 541
707, 542
707, 543
707, 543
707, 544
706, 544
706, 545
705, 545
705, 546
705, 547
705, 547
705, 548
705, 548
705, 549
705, 549
705, 550
705, 551
705, 551
704, 552
704, 551
704, 551
703, 551
703, 550
703, 550
702, 550
701, 550
701, 550
701, 550
700, 550
700, 549
700, 549
699, 549
699, 549
698, 549
698, 549
697, 549
697, 548
697, 548
696, 548
696, 548
695, 548
695, 548
695, 548
694, 548
693, 548
693, 548
693, 547
692, 547
692, 547
691, 547
691, 546
691, 546
691, 546
690, 546
690, 546
690, 545
690, 545
691, 545
691, 545
692, 545
692, 545
692, 545
693, 545
694, 545
694, 544
694, 544
695, 544
695, 544
696, 544
696, 544
697, 544
698, 544
698, 544
699, 544
699, 544
701, 543
702, 543
702, 543
703, 543
703, 543
704, 543
704, 543
705, 543
706, 543
706, 543
707, 543
707, 543
708, 543
708, 542
708, 542
709, 542
709, 542
710, 542
711, 542
711, 542
712, 542
712, 542
713, 542
713, 542
714, 542
714, 542
715, 542
715, 542
716, 542
716, 542
717, 542
717, 542
758, 544
758, 544
759, 544
759, 544
760, 544
761, 544
761, 544
762, 544
762, 544
763, 544
763, 544
764, 544
765, 544
765, 544
766, 544
766, 544
767, 544
767, 544
768, 544
769, 544
769, 544
770, 544
770, 544
771, 544
771, 544
772, 544
773, 544
773, 544
774, 544
774, 544
775, 544
775, 544
776, 544
777, 544
777, 544
779, 544
779, 544
781, 544
781, 544
782, 544
783, 544
783, 544
784, 544
785, 544
785, 544
786, 544
786, 544
787, 544
787, 544
787, 544
788, 544
789, 544
789, 544
790, 544
790, 544
791, 543
791, 543
792, 543
793, 543
793, 542
794, 542
794, 542
795, 542
795, 542
803, 542
803, 542
804, 542
805, 542
805, 542
806, 542
806, 542
807, 542
807, 542
808, 542
809, 542
809, 542
810, 542
810, 542
811, 542
811, 542
812, 542
813, 542
813, 541
813, 541
814, 541
814, 541
814, 541
815, 541
815, 541
815, 540
816, 540
817, 540
817, 540
818, 540
818, 540
818, 540
819, 540
819, 540
820, 540
820, 540
821, 540
822, 540
822, 540
823, 540
823, 540
823, 540
824, 540
824, 540
824, 540
825, 540
825, 541
826, 541
826, 541
826, 542
826, 542
826, 543
827, 543
827, 543
827, 544
827, 544
827, 544
827, 545
828, 545
828, 545
828, 546
828, 547
829, 547
830, 549
830, 549
832, 552
832, 552
832, 552
832, 553
832, 553
833, 554
841, 572
842, 572
842, 573
842, 573
842, 575
842, 575
842, 576
842, 576
842, 577
842, 577
843, 577
843, 578
843, 579
843, 579
843, 580
843, 580
844, 584
844, 584
844, 585
844, 586
844, 586
846, 588
846, 588
847, 588
847, 588
848, 588
848, 588
849, 588
850, 588
850, 588
851, 588
851, 588
852, 588
852, 587
852, 587
853, 587
854, 587
854, 587
854, 587
855, 587
855, 586
856, 586
856, 586
857, 586
858, 586
858, 585
858, 585
859, 585
859, 585
860, 585
860, 585
861, 585
861, 585
861, 586
861, 586
862, 586
862, 586
862, 586
861, 586
861, 586
861, 586
860, 586
860, 586
859, 586
859, 586
858, 586
857, 586
857, 586
856, 586
856, 586
856, 586
855, 586
855, 586
855, 586
854, 587
853, 587
853, 587
852, 587
852, 588
852, 588
852, 588
851, 588
851, 589
850, 590
850, 590
849, 591
849, 591
849, 591
849, 592
848, 592
851, 655
857, 689
869, 821
869, 821
1568, 483
1568, 483
1570, 483
1571, 483
1574, 483
1576, 483
1578, 483
1584, 485
1585, 485
1588, 486
1589, 486
1591, 486
1592, 486
1593, 486
1595, 487
1595, 487
1596, 488
1597, 488
1599, 488
1600, 488
1601, 488
1601, 488
2216, 258
2216, 257
2218, 255
2218, 255
2219, 254
2220, 253
2221, 252
2222, 250
2222, 250
2223, 249
2224, 248
2224, 247
2225, 246
2226, 245
2227, 243
2227, 243
2227, 243
2229, 241
2231, 240
2231, 239
2231, 239
2232, 239
2233, 238
2233, 237
2234, 237
2234, 236
2234, 236
2234, 236
2236, 235
2236, 235
2236, 234
2237, 234
2237, 234
2237, 234
2238, 234
2238, 233
2238, 232
2238, 232
2239, 232
2239, 231
2240, 231
2240, 231
2241, 231
2241, 231
2241, 230
2241, 230
2241, 230
2241, 230
2240, 230
2240, 230
2239, 230
2239, 231
2239, 231
2239, 231
2238, 231
2238, 232
2238, 232
2238, 233
2237, 233
2237, 234
2236, 234
2235, 235
2235, 235
2234, 236
2234, 236
2234, 236
2233, 237
2233, 238
2232, 238
2232, 239
2232, 239
2231, 239
2230, 240
2230, 240
2230, 241
2229, 241
2229, 242
2228, 242
2228, 243
2227, 243
2226, 244
2226, 244
2225, 245
2225, 246
2225, 246
2224, 247
2224, 247
2223, 247
2222, 248
2222, 248
2221, 248
2221, 249
2221, 249
2220, 250
2220, 250
2219, 251
2218, 251
2218, 251
2218, 252
2217, 252
2217, 253
2216, 254
2216, 254
2216, 254
2216, 255
2215, 255
2214, 255
2214, 256
2214, 256
2214, 256
2214, 256
2214, 256
2215, 256
2215, 256
2216, 256
2216, 256
2217, 256
2217, 256
2218, 256
2219, 256
2219, 256
2220, 256
2220, 256
2221, 255
2229, 247
2229, 246
2232, 243
2232, 241
2234, 240
2234, 239
2234, 237
2235, 237
2236, 235
2237, 233
2237, 232
2238, 231
2240, 229
2240, 228
2321, 58
2321, 57
2321, 56
2321, 56
2321, 55
2320, 55
2319, 55
2319, 55
2319, 54
2319, 54
2318, 54
2318, 54
2318, 53
2318, 52
2318, 52
2318, 52
2317, 52
2317, 52
2317, 51
2316, 51
2316, 51
2316, 51
2316, 50
2316, 50
2316, 49
2316, 48
2316, 48
2315, 48
2315, 47
2315, 47
2314, 47
2314, 47
2314, 47
2313, 47
2313, 47
2312, 47
2312, 48
2311, 48
2311, 49
2311, 49
2311, 49
2310, 49
1102, 596
963, 602
956, 602
950, 602
945, 602
703, 615
702, 615
701, 615
701, 615
700, 615
700, 615
699, 615
698, 615
698, 615
697, 615
697, 615
696, 615
696, 615
695, 615
694, 615
694, 615
693, 615
693, 615
692, 616
692, 616
692, 616
692, 616
692, 616
693, 616
693, 616
694, 616
695, 616
695, 616
696, 615
696, 615
697, 615
697, 615
699, 615
699, 614
700, 614
702, 614
702, 614
703, 614
757, 592
758, 592
758, 592
759, 592
759, 591
760, 591
761, 591
761, 590
761, 590
761, 590
762, 590
762, 590
763, 590
763, 589
763, 589
763, 588
763, 588
763, 587
763, 587
763, 586
763, 586
709, 542
706, 541
704, 540
688, 531
685, 530
681, 528
679, 527
675, 525
32, 186
32, 186
32, 185
32, 184
32, 184
32, 183
32, 183
32, 182
32, 182
32, 182
32, 182
32, 182
32, 182
32, 182
32, 182
33, 181
34, 181
34, 181
35, 181
35, 181
36, 181
36, 181
182, 178
182, 178
182, 178
183, 178
183, 178
184, 178
184, 177
185, 177
185, 176
185, 176
186, 176
186, 176
186, 176
186, 177
186, 177
187, 178
187, 178
187, 179
187, 179
187, 180
187, 180
272, 549
273, 551
335, 631
335, 630
335, 630
336, 630
336, 629
336, 629
337, 629
337, 628
337, 628
337, 627
337, 627
336, 627
336, 627
335, 627
335, 626
335, 626
334, 626
334, 626
334, 625
334, 625
334, 625
334, 624
333, 624
332, 624
332, 624
332, 624
332, 623
332, 623
331, 623
331, 622
331, 621
330, 621
330, 621
330, 620
330, 620
329, 619
328, 619
328, 618
279, 552
279, 552
278, 551
277, 551
277, 551
276, 551
276, 551
276, 550
275, 550
275, 550
275, 550
274, 550
273, 549
273, 549
272, 549
272, 549
272, 549
311, 366
312, 365
312, 365
312, 365
314, 365
314, 365
314, 366
314, 366
314, 367
315, 368
315, 368
328, 395
328, 397
328, 398
681, 542
683, 542
689, 542
694, 542
700, 542
702, 542
705, 542
707, 542
710, 542
713, 542
716, 542
755, 543
758, 543
761, 543
764, 543
767, 543
771, 543
772, 543
774, 543
783, 543
786, 543
789, 543
792, 543
805, 544
824, 544
826, 544
829, 544
881, 543
882, 543
883, 543
885, 543
887, 543
888, 542
890, 541
890, 541
892, 541
893, 541
894, 541
901, 540
901, 540
902, 540
903, 540
904, 540
904, 540
905, 540
906, 540
907, 540
908, 539
909, 539
910, 539
911, 539
911, 539
912, 539
913, 539
914, 539
914, 539
915, 539
916, 539
916, 539
917, 539
917, 539
918, 539
918, 539
919, 539
919, 539
920, 538
921, 538
921, 538
922, 538
922, 538
923, 538
924, 538
925, 538
925, 538
926, 538
926, 538
927, 538
928, 538
928, 537
929, 537
929, 536
929, 536
930, 536
930, 536
931, 536
932, 535
932, 535
932, 535
932, 535
931, 535
931, 535
930, 535
930, 535
929, 536
929, 536
927, 537
927, 537
925, 537
925, 538
924, 538
922, 538
922, 538
920, 539
919, 539
917, 540
916, 540
912, 542
909, 542
908, 542
907, 542
905, 542
903, 543
900, 543
900, 543
898, 543
892, 545
890, 545
888, 546
886, 546
884, 546
881, 546
880, 546
833, 552
459, 585
458, 585
458, 585
457, 585
456, 585
456, 585
455, 585
455, 585
454, 585
454, 585
453, 584
453, 584
452, 584
451, 584
451, 584
450, 584
450, 584
449, 584
449, 584
448, 584
447, 584
447, 584
446, 584
446, 583
446, 583
444, 583
443, 583
412, 587
412, 587
407, 588
407, 588
406, 588
405, 588
405, 588
404, 588
404, 588
404, 588
403, 588
403, 588
403, 588
402, 588
401, 588
401, 587
401, 587
401, 587
400, 587
400, 586
400, 586
399, 586
399, 585
399, 585
399, 585
400, 585
400, 585
400, 585
402, 585
402, 585
403, 585
403, 584
404, 584
405, 584
444, 584
447, 585
448, 585
450, 586
452, 586
453, 587
454, 587
456, 587
399, 671
396, 671
396, 671
395, 671
395, 671
393, 671
393, 672
392, 672
391, 672
390, 672
389, 672
389, 673
387, 674
387, 674
386, 674
386, 675
385, 675
384, 675
383, 675
383, 675
382, 675
382, 676
381, 676
381, 676
380, 676
380, 677
379, 678
379, 678
378, 678
378, 678
377, 678
377, 679
376, 679
376, 679
376, 679
376, 678
376, 677
376, 677
377, 677
377, 676
377, 676
377, 676
377, 675
378, 675
378, 675
378, 675
379, 675
379, 674
380, 674
380, 673
381, 673
381, 673
381, 673
382, 673
382, 672
383, 672
383, 672
384, 672
385, 672
385, 672
385, 672
386, 672
386, 672
387, 671
387, 671
388, 671
389, 671
390, 671
390, 671
391, 671
392, 670
393, 670
393, 670
394, 670
395, 670
396, 670
397, 669
399, 669
958, 656
1143, 641
1143, 641
1143, 641
1142, 640
1142, 640
1142, 640
1141, 639
1140, 638
1140, 638
1140, 638
1140, 637
1139, 637
1139, 636
1139, 636
1138, 636
1138, 635
1138, 634
1138, 634
1096, 603
1095, 602
1094, 602
1094, 602
1092, 601
1092, 601
1091, 600
1062, 589
1062, 589
1061, 589
1060, 588
1059, 588
1059, 588
1058, 588
1058, 587
1057, 587
1057, 587
1056, 587
1056, 587
1055, 587
1055, 586
1054, 586
1054, 586
1053, 586
1053, 586
1052, 586
1052, 585
1052, 585
1051, 585
1050, 585
1050, 585
1050, 585
1050, 585
1050, 585
1050, 585
1050, 586
1051, 586
1051, 587
1051, 587
1051, 587
1051, 588
1051, 588
1052, 588
1052, 589
1052, 589
1052, 589
1053, 589
1053, 590
1053, 590
1054, 590
1054, 591
1055, 591
1055, 591
1056, 591
1056, 591
1057, 591
1057, 591
1057, 591
1058, 591
1058, 592
1058, 592
1058, 592
1059, 592
1060, 592
1060, 592
1060, 592
1060, 592
1060, 592
1060, 592
1059, 592
1059, 592
1058, 592
1058, 592
1057, 591
1057, 591
1057, 590
1056, 590
1056, 590
1055, 590
1054, 589
1054, 589
1053, 589
1052, 589
1051, 589
1050, 588
1050, 588
1048, 587
1047, 587
986, 567
984, 567
981, 566
978, 566
976, 565
960, 563
957, 563
954, 563
952, 563
914, 560
914, 560
912, 560
911, 560
911, 560
910, 560
909, 560
909, 560
908, 560
908, 560
907, 560
907, 560
907, 560
907, 560
907, 560
908, 560
908, 560
909, 560
910, 560
910, 560
910, 560
910, 561
911, 561
911, 561
912, 562
912, 563
913, 563
946, 593
948, 595
948, 595
949, 595
951, 597
955, 599
957, 600
958, 601
959, 601
960, 602
962, 603
962, 603
964, 603
966, 605
969, 607
970, 609
971, 609
972, 610
972, 610
980, 614
981, 614
981, 615
982, 615
983, 615
983, 615
984, 615
984, 615
985, 615
985, 616
985, 616
985, 616
986, 616
986, 617
986, 617
987, 617
987, 617
988, 617
988, 618
989, 619
989, 619
990, 619
990, 619
990, 619
990, 620
991, 620
992, 620
992, 620
992, 620
992, 621
993, 621
993, 622
993, 622
993, 622
980, 639
979, 640
977, 641
977, 641
976, 641
976, 641
975, 642
969, 644
968, 644
967, 644
967, 644
966, 644
965, 645
965, 645
957, 648
956, 648
956, 648
955, 648
955, 648
953, 649
953, 649
952, 649
951, 650
950, 651
950, 651
949, 651
949, 651
948, 651
948, 651
947, 652
946, 652
946, 652
946, 652
947, 652
947, 652
947, 651
948, 650
948, 650
948, 650
949, 649
949, 649
949, 648
950, 648
951, 647
951, 646
952, 646
952, 645
952, 645
953, 644
953, 644
954, 643
954, 642
955, 641
955, 641
955, 640
956, 639
956, 639
957, 637
957, 637
957, 636
958, 635
958, 635
959, 634
959, 633
960, 632
963, 626
963, 626
963, 625
964, 623
965, 623
965, 622
965, 622
965, 621
966, 620
966, 619
966, 619
967, 618
967, 618
967, 616
968, 616
968, 615
969, 615
969, 614
969, 613
970, 612
970, 612
970, 611
970, 611
971, 609
971, 609
976, 586
976, 586
976, 585
976, 585
976, 584
976, 583
976, 582
976, 581
976, 581
976, 580
976, 579
976, 578
976, 578
976, 577
976, 576
976, 575
976, 575
976, 574
976, 574
976, 571
976, 571
976, 570
976, 570
976, 568
976, 568
976, 567
975, 567
975, 566
974, 565
974, 564
974, 564
968, 544
968, 544
958, 555
958, 556
957, 556
956, 559
956, 561
956, 562
955, 565
955, 565
954, 567
953, 568
953, 570
953, 570
953, 572
953, 573
952, 573
952, 575
951, 577
951, 578
951, 579
950, 582
950, 582
950, 583
950, 585
950, 586
950, 587
950, 588
950, 589
950, 590
950, 590
950, 591
949, 593
949, 593
949, 594
949, 596
949, 596
949, 597
949, 597
948, 599
948, 601
948, 601
948, 602
948, 602
948, 604
948, 604
948, 605
948, 606
948, 607
948, 607
948, 608
948, 610
948, 610
948, 611
948, 612
947, 613
947, 614
947, 614
947, 616
947, 616
947, 617
947, 619
947, 619
947, 620
947, 621
947, 622
947, 623
947, 623
947, 625
947, 625
951, 641
951, 641
951, 642
951, 642
951, 643
951, 643
951, 645
952, 645
952, 646
952, 646
952, 648
953, 648
953, 649
953, 649
953, 650
953, 650
953, 651
954, 652
954, 653
954, 653
956, 659
956, 659
956, 660
956, 660
957, 661
957, 662
957, 662
957, 663
957, 663
958, 663
958, 664
958, 664
958, 665
958, 666
958, 666
959, 666
959, 667
959, 667
960, 667
960, 667
961, 667
961, 667
962, 668
962, 668
963, 668
964, 668
964, 668
964, 668
965, 668
965, 669
965, 669
966, 669
966, 669
966, 669
967, 669
968, 669
968, 669
968, 670
969, 670
969, 670
970, 670
970, 670
971, 670
972, 670
972, 670
973, 670
973, 671
973, 671
974, 671
974, 671
975, 670
975, 670
975, 669
975, 669
975, 668
975, 668
975, 667
975, 667
975, 666
975, 665
975, 665
975, 665
977, 662
977, 645
977, 645
977, 643
977, 642
977, 641
977, 640
977, 639
977, 639
977, 638
977, 638
977, 637
972, 618
971, 617
970, 616
970, 615
969, 615
969, 614
969, 613
969, 612
967, 612
967, 611
966, 610
966, 609
963, 607
963, 605
962, 604
961, 603
961, 602
960, 601
960, 600
959, 599
958, 598
958, 597
958, 595
953, 587
951, 586
951, 586
950, 584
950, 583
950, 582
950, 582
949, 581
949, 580
949, 578
948, 577
947, 576
946, 536
946, 536
946, 535
946, 534
946, 533
946, 533
946, 532
946, 532
946, 531
946, 531
946, 530
946, 529
946, 529
946, 528
946, 527
946, 527
946, 526
946, 525
946, 524
946, 524
946, 523
946, 523
946, 522
946, 521
947, 521
947, 521
947, 522
947, 522
947, 522
948, 523
949, 524
949, 524
949, 526
957, 555
957, 556
958, 559
958, 561
958, 563
958, 565
958, 566
960, 593
960, 595
960, 597
960, 598
960, 601
960, 603
959, 604
959, 633
959, 634
959, 636
959, 636
959, 637
959, 639
959, 649
959, 649
959, 659
959, 660
959, 660
960, 662
960, 663
960, 664
960, 665
960, 666
960, 667
960, 669
960, 669
960, 670
960, 671
961, 672
961, 673
961, 674
961, 675
961, 676
961, 677
961, 679
961, 679
961, 681
962, 682
962, 683
962, 684
962, 684
962, 685
962, 685
962, 686
962, 687
962, 687
962, 688
962, 688
962, 689
962, 689
962, 690
962, 691
962, 691
962, 692
962, 692
962, 693
962, 693
963, 693
963, 694
963, 694
963, 694
963, 693
963, 693
963, 693
963, 692
963, 692
963, 691
963, 690
963, 690
963, 689
963, 689
963, 688
963, 688
963, 687
963, 686
963, 686
963, 685
963, 685
963, 684
963, 684
963, 683
963, 682
963, 682
963, 681
963, 681
963, 680
963, 679
963, 675
963, 675
963, 673
963, 673
963, 672
964, 671
964, 670
964, 669
964, 668
964, 667
964, 667
964, 666
964, 664
967, 648
967, 645
967, 644
967, 643
967, 620
966, 619
966, 619
966, 617
966, 616
966, 615
966, 614
965, 612
965, 611
965, 610
965, 605
964, 605
963, 603
963, 602
963, 601
963, 600
963, 598
962, 597
962, 596
962, 594
961, 594
961, 592
958, 568
958, 568
958, 567
958, 566
958, 565
958, 565
958, 564
958, 564
958, 563
958, 563
958, 562
958, 561
958, 561
958, 560
958, 560
957, 560
957, 559
957, 559
957, 558
957, 558
956, 558
956, 557
956, 557
956, 558
956, 558
955, 558
955, 559
955, 559
955, 560
955, 560
955, 561
955, 562
954, 562
954, 562
954, 563
954, 563
954, 564
954, 564
954, 565
953, 565
953, 566
953, 566
953, 567
953, 567
953, 567
953, 568
953, 568
952, 569
952, 570
952, 570
952, 571
951, 571
951, 572
951, 572
951, 573
951, 574
951, 574
951, 575
951, 575
951, 576
951, 576
950, 577
950, 578
950, 578
950, 579
950, 579
950, 580
950, 580
950, 581
950, 582
950, 582
949, 583
949, 584
949, 584
949, 585
949, 586
949, 586
949, 587
949, 587
949, 588
949, 588
949, 589
949, 590
949, 591
949, 591
949, 592
949, 592
948, 593
948, 594
948, 594
947, 595
947, 596
947, 597
947, 597
947, 598
947, 598
947, 599
947, 599
947, 600
947, 601
947, 601
947, 602
947, 602
947, 603
946, 603
946, 604
946, 605
946, 606
946, 606
946, 607
946, 607
946, 608
946, 609
946, 609
946, 610
946, 610
945, 611
945, 611
945, 613
945, 613
945, 614
945, 614
945, 615
945, 616
944, 616
944, 617
944, 617
944, 618
943, 618
943, 619
943, 619
943, 620
943, 621
943, 621
943, 622
943, 622
943, 623
943, 623
943, 624
943, 625
943, 625
943, 626
943, 626
943, 626
943, 627
943, 627
943, 628
943, 629
943, 629
943, 630
942, 630
942, 631
942, 631
942, 632
942, 633
942, 633
942, 633
941, 633
941, 633
941, 633
941, 632
941, 632
941, 631
941, 631
941, 631
941, 630
941, 630
941, 629
942, 629
942, 628
942, 628
942, 627
942, 627
942, 626
942, 626
942, 626
942, 625
942, 624
942, 624
943, 624
943, 623
943, 623
943, 622
944, 622
944, 621
944, 620
944, 620
944, 619
944, 619
945, 618
945, 618
945, 618
945, 617
946, 617
946, 616
946, 615
946, 614
947, 614
947, 613
948, 612
948, 612
948, 612
949, 611
949, 611
949, 610
950, 610
950, 609
950, 608
951, 608
955, 604
956, 603
956, 603
956, 602
957, 602
957, 602
957, 601
958, 601
958, 600
958, 600
959, 600
960, 599
960, 598
961, 598
961, 597
961, 597
962, 597
962, 596
963, 596
963, 596
963, 595
964, 595
964, 594
965, 593
965, 593
965, 592
972, 586
972, 586
972, 585
972, 584
973, 584
973, 584
973, 583
973, 583
974, 582
974, 582
974, 582
975, 582
976, 581
976, 580
976, 580
976, 580
976, 579
977, 579
977, 579
977, 579
978, 578
978, 578
978, 577
979, 577
979, 576
979, 576
980, 576
980, 575
980, 575
980, 575
981, 574
981, 574
981, 573
981, 572
981, 572
981, 571
981, 571
981, 570
981, 570
981, 570
981, 569
981, 569
981, 568
980, 568
980, 568
979, 568
979, 567
979, 567
978, 567
978, 567
977, 567
977, 567
977, 567
976, 567
976, 567
976, 567
976, 567
977, 567
977, 567
978, 567
978, 567
978, 567
979, 567
980, 567
980, 566
980, 566
981, 566
981, 566
981, 565
982, 565
982, 565
983, 564
984, 564
984, 564
984, 564
985, 564
985, 564
985, 563
985, 563
985, 563
985, 564
985, 565
985, 565
985, 566
985, 566
985, 567
985, 567
985, 568
985, 569
985, 569
985, 570
992, 609
992, 609
992, 610
992, 610
992, 610
993, 611
993, 611
994, 611
994, 611
994, 612
994, 612
995, 612
995, 613
995, 613
996, 613
996, 614
996, 614
997, 614
998, 614
998, 614
998, 615
999, 615
999, 615
999, 616
1000, 616
1000, 616
1001, 617
1001, 618
1001, 618
1002, 618
1003, 619
1003, 619
1003, 619
1003, 620
1004, 620
1004, 620
1004, 621
1005, 622
1005, 622
1005, 622
1005, 623
1005, 623
1006, 624
1007, 624
1007, 624
1007, 624
1007, 625
1007, 626
1008, 626
1008, 627
1008, 627
1008, 628
1010, 630
1011, 631
1012, 631
1012, 631
1012, 632
1012, 632
1012, 633
1013, 633
1013, 633
1014, 633
1014, 634
1014, 634
1015, 634
1015, 634
1015, 635
1016, 635
1016, 636
1016, 636
1016, 637
1017, 637
1018, 636
1019, 636
1019, 635
1019, 635
1019, 634
1019, 634
1019, 633
1019, 632
1019, 632
1020, 624
1020, 624
1023, 542
1023, 542
1023, 541
1023, 541
1023, 540
1023, 539
1023, 539
1024, 539
1024, 538
1024, 537
1024, 537
1024, 537
1024, 537
1023, 537
1023, 537
1023, 537
1022, 537
1021, 537
1021, 538
1021, 538
1020, 538
1020, 538
1020, 538
1020, 539
1019, 539
1019, 540
1019, 540
1019, 540
1018, 540
1018, 541
1017, 541
1017, 541
1017, 541
1016, 542
1016, 542
1004, 615
1004, 616
1004, 617
1004, 617
1004, 618
1004, 619
1004, 620
1004, 620
1004, 621
1004, 621
1004, 622
1004, 622
1004, 623
1004, 624
1004, 624
1004, 626
1004, 627
1004, 627
1004, 627
1004, 628
1004, 628
1004, 630
