65, 861
290, 524
290, 523
291, 523
291, 522
292, 522
292, 522
293, 521
293, 521
294, 520
294, 519
295, 519
296, 518
296, 518
296, 517
297, 517
297, 517
297, 517
296, 517
295, 517
295, 517
294, 517
294, 516
294, 516
294, 515
293, 515
293, 515
293, 515
292, 515
292, 514
291, 514
291, 514
290, 514
290, 513
290, 513
289, 513
289, 513
289, 513
289, 512
289, 512
289, 512
289, 512
289, 512
289, 512
290, 512
290, 513
290, 513
290, 513
290, 514
290, 514
290, 515
290, 516
290, 516
290, 517
290, 517
290, 518
290, 518
290, 519
291, 519
291, 520
291, 520
292, 520
292, 521
292, 521
293, 521
293, 521
294, 521
294, 521
295, 521
296, 521
296, 521
297, 521
297, 521
297, 521
298, 521
298, 521
299, 521
300, 521
300, 521
300, 521
301, 521
301, 520
301, 520
302, 520
302, 520
303, 520
303, 519
303, 519
303, 519
304, 519
304, 518
305, 518
305, 518
305, 518
305, 517
306, 517
306, 517
306, 517
307, 516
307, 515
307, 515
308, 515
308, 514
309, 514
309, 513
309, 513
309, 512
309, 512
309, 511
308, 510
308, 510
307, 510
307, 510
306, 510
306, 510
305, 510
304, 510
304, 510
303, 510
303, 510
302, 510
302, 510
301, 510
301, 510
300, 510
299, 510
299, 510
299, 510
299, 510
298, 510
298, 510
297, 511
297, 511
296, 511
295, 511
295, 511
295, 511
294, 511
294, 512
294, 512
294, 512
294, 513
293, 513
293, 513
293, 514
293, 514
293, 515
293, 516
293, 516
293, 516
293, 517
293, 517
293, 518
293, 518
293, 518
293, 519
293, 519
293, 520
293, 520
293, 520
294, 520
294, 521
294, 521
295, 521
296, 521
296, 521
297, 521
297, 521
297, 521
298, 521
298, 521
298, 521
299, 521
299, 520
300, 520
300, 520
300, 519
301, 519
301, 519
301, 519
302, 519
302, 518
302, 518
302, 517
302, 517
302, 517
303, 517
303, 516
303, 515
303, 515
303, 514
304, 514
304, 513
304, 513
304, 512
304, 512
304, 512
304, 511
304, 511
303, 511
303, 510
303, 510
302, 510
302, 510
301, 510
301, 510
301, 510
301, 511
300, 511
299, 511
299, 511
298, 511
298, 511
298, 512
297, 512
297, 512
297, 512
297, 513
296, 513
295, 513
295, 513
295, 513
294, 513
294, 513
294, 513
293, 513
293, 513
292, 513
291, 513
291, 513
291, 513
291, 513
290, 513
290, 513
290, 512
289, 512
289, 512
289, 511
289, 510
289, 510
289, 509
289, 509
289, 508
289, 508
721, 259
722, 259
722, 260
722, 260
723, 260
723, 261
723, 262
723, 262
723, 263
723, 263
723, 264
723, 264
723, 265
723, 266
724, 266
724, 267
724, 267
724, 268
724, 268
724, 269
724, 270
724, 270
724, 271
724, 271
724, 272
724, 272
724, 272
724, 273
724, 295
724, 295
724, 296
724, 296
723, 297
723, 297
723, 298
722, 298
722, 299
722, 299
722, 300
722, 300
722, 301
721, 301
721, 301
721, 302
721, 303
721, 303
721, 304
721, 304
721, 304
721, 305
720, 305
720, 306
720, 307
720, 307
720, 307
720, 308
720, 308
720, 309
720, 309
720, 310
719, 310
719, 311
719, 311
719, 312
719, 312
719, 313
719, 313
719, 314
719, 315
719, 315
719, 316
719, 316
719, 317
719, 317
719, 318
719, 318
718, 318
718, 318
718, 318
718, 317
718, 317
718, 316
718, 316
717, 315
717, 314
717, 314
717, 313
717, 313
717, 313
717, 312
717, 312
717, 311
717, 310
717, 310
717, 309
717, 309
717, 308
717, 308
717, 307
717, 306
717, 306
717, 305
717, 305
717, 304
717, 304
717, 303
717, 302
717, 302
717, 301
717, 301
717, 301
717, 300
717, 300
717, 299
717, 299
717, 298
718, 298
719, 298
719, 298
720, 298
720, 298
721, 298
721, 298
722, 298
722, 298
723, 298
723, 299
723, 299
723, 299
724, 300
724, 300
724, 301
724, 301
724, 301
724, 302
725, 302
725, 303
725, 303
725, 304
725, 304
726, 305
726, 305
726, 306
726, 307
726, 307
727, 307
727, 308
727, 309
727, 309
726, 309
726, 309
726, 310
725, 310
725, 311
725, 311
725, 311
724, 311
724, 311
724, 312
723, 312
722, 312
722, 312
721, 312
721, 312
720, 312
720, 312
720, 312
719, 312
718, 312
718, 312
717, 312
717, 312
716, 312
716, 312
715, 312
714, 312
714, 312
713, 312
713, 312
713, 312
713, 312
712, 312
712, 312
712, 312
711, 312
711, 311
710, 311
710, 311
709, 311
709, 310
709, 310
709, 310
709, 309
709, 309
709, 309
709, 308
709, 308
709, 308
709, 307
710, 307
710, 306
711, 306
711, 306
711, 306
712, 306
712, 305
712, 305
713, 305
713, 305
713, 305
713, 304
714, 304
714, 304
715, 304
715, 304
716, 304
716, 303
717, 303
717, 303
717, 302
718, 302
718, 302
719, 302
719, 301
719, 301
720, 301
720, 301
720, 301
721, 301
721, 301
721, 302
722, 302
722, 303
722, 303
722, 304
722, 304
722, 305
722, 305
722, 306
722, 307
722, 307
721, 307
721, 308
721, 308
721, 308
721, 309
720, 309
720, 310
720, 310
719, 310
718, 310
718, 310
717, 310
717, 310
716, 310
716, 310
716, 310
716, 310
716, 309
716, 309
715, 309
715, 308
715, 308
715, 308
716, 308
716, 308
717, 308
717, 308
717, 308
717, 309
717, 309
717, 310
717, 311
717, 311
717, 312
717, 312
717, 313
717, 313
717, 313
717, 313
716, 313
716, 313
716, 312
716, 312
715, 312
715, 311
714, 311
714, 310
714, 310
714, 310
714, 309
714, 309
714, 308
713, 308
713, 308
713, 307
713, 306
712, 306
712, 306
712, 305
712, 305
712, 305
712, 304
712, 304
712, 303
712, 302
712, 302
712, 301
712, 301
711, 288
711, 288
711, 288
711, 287
711, 287
712, 286
712, 285
712, 285
712, 285
713, 284
713, 284
714, 282
714, 281
715, 280
715, 280
715, 280
718, 275
718, 275
719, 273
719, 273
719, 272
720, 272
720, 272
720, 271
720, 271
720, 271
720, 270
721, 270
721, 269
721, 269
721, 269
721, 268
722, 268
722, 267
723, 267
723, 266
723, 265
723, 265
724, 264
724, 264
724, 263
725, 263
725, 263
725, 262
726, 262
726, 261
726, 261
1437, 278
1437, 278
1437, 279
1436, 280
1436, 281
1436, 281
1436, 282
1436, 283
1436, 283
1436, 283
1436, 284
1436, 284
1435, 285
1435, 285
1435, 286
1435, 287
1435, 287
1434, 288
1434, 288
1434, 289
1433, 289
1433, 289
1433, 290
1432, 290
1432, 291
1432, 292
1432, 292
1432, 292
1431, 293
1431, 293
1431, 294
1430, 294
1430, 294
1429, 294
1429, 295
1429, 296
1429, 296
1428, 296
1428, 297
1428, 297
1428, 297
1427, 297
1427, 298
1427, 298
1427, 298
1427, 299
1426, 299
1426, 300
1426, 300
1425, 301
1425, 301
1425, 301
1425, 302
1424, 302
1424, 302
1424, 303
1424, 304
1423, 304
1423, 304
1423, 305
1422, 305
1422, 305
1422, 306
1421, 306
1421, 307
1420, 308
1420, 308
1420, 309
1420, 309
1419, 309
1419, 310
1419, 310
1418, 311
1417, 312
1417, 312
1417, 312
1417, 313
1416, 313
1416, 313
1416, 314
1415, 314
1415, 314
1415, 314
1415, 315
1415, 316
1414, 316
1414, 316
1413, 317
1413, 317
1413, 317
1413, 318
1412, 318
1412, 318
1412, 319
1412, 320
1411, 320
1411, 320
1411, 320
1411, 320
1411, 321
1411, 321
1411, 321
1411, 322
1411, 322
1410, 322
1410, 323
1410, 324
1410, 324
1409, 324
1409, 325
1409, 325
1409, 325
1409, 326
1409, 326
1408, 326
1408, 327
1408, 328
1408, 328
1408, 328
1407, 329
1407, 329
1407, 330
1407, 330
1407, 330
1406, 330
1406, 331
1406, 332
1406, 332
1405, 332
1405, 333
1405, 333
1405, 333
1405, 334
1405, 334
1405, 335
1404, 335
1404, 335
1404, 336
1404, 336
1404, 335
1404, 335
1404, 334
1404, 334
1404, 333
1404, 333
1404, 332
1404, 332
1404, 331
1404, 331
1404, 331
1404, 330
1404, 330
1405, 330
1406, 329
1406, 329
1407, 329
1407, 329
1407, 328
1407, 328
1407, 327
1408, 327
1408, 327
1408, 327
1409, 327
1410, 327
1410, 327
1411, 327
1411, 327
1412, 327
1412, 327
1413, 327
1414, 327
1414, 327
1414, 326
1415, 326
1415, 326
1416, 326
1416, 326
1417, 326
1418, 326
1418, 326
1419, 326
1419, 326
1420, 326
1420, 325
1421, 325
1422, 325
1422, 325
1424, 325
1424, 325
1424, 325
1425, 325
1426, 325
1426, 325
1426, 325
1427, 325
1427, 325
1427, 325
1428, 326
1428, 326
1428, 327
1428, 328
1428, 328
1428, 329
1428, 329
1427, 331
1427, 332
1427, 332
1426, 333
1425, 333
1425, 333
1424, 333
1424, 333
1423, 333
1423, 333
1422, 333
1422, 333
1421, 333
1421, 333
1421, 333
1420, 333
1420, 333
1419, 333
1419, 333
1418, 333
1418, 332
1417, 332
1417, 331
1417, 331
1416, 331
1416, 331
1416, 331
1416, 330
1415, 330
1415, 330
1414, 330
1414, 330
1413, 330
1413, 330
1413, 329
1413, 329
1412, 329
1412, 328
1411, 328
1411, 328
1410, 328
1410, 327
1409, 327
1409, 327
1410, 327
1410, 327
1411, 327
1411, 327
1412, 327
1412, 327
1413, 327
1414, 327
1414, 327
1415, 327
1415, 327
1416, 327
1416, 327
1417, 327
1417, 326
1417, 326
1418, 326
1418, 326
1418, 327
1418, 327
1418, 328
1418, 328
1418, 329
1418, 329
1418, 330
1418, 330
1418, 331
1418, 331
1418, 332
1418, 332
1417, 332
1417, 332
1417, 332
1417, 333
1417, 333
1416, 333
1416, 333
1415, 333
1415, 333
1414, 333
1413, 333
1413, 333
1412, 333
1412, 333
1412, 333
1412, 333
1412, 333
1412, 333
1412, 333
1411, 333
1411, 333
1410, 333
1409, 333
1409, 332
1409, 332
1409, 331
1409, 331
1409, 330
1409, 330
1409, 330
1409, 329
1409, 329
1409, 328
1410, 328
1410, 328
1410, 327
1411, 327
1411, 327
1412, 327
1412, 327
1413, 327
1414, 327
1414, 327
1415, 327
1415, 327
1416, 327
1416, 327
1417, 327
1417, 327
1417, 328
1417, 328
1417, 328
1417, 329
1417, 329
1416, 330
1416, 330
1416, 330
1415, 330
1415, 331
1415, 332
1415, 332
1415, 332
1414, 332
1413, 332
1413, 333
1413, 333
1412, 333
1412, 333
1412, 333
1412, 334
1411, 334
1411, 334
1411, 334
1410, 334
1409, 334
1409, 335
1409, 335
1409, 335
1409, 335
1409, 335
1409, 335
1410, 335
1410, 334
1410, 334
1410, 333
1411, 333
1411, 332
1411, 332
1411, 331
1412, 331
1412, 331
1412, 330
1412, 330
1412, 330
1412, 329
1412, 329
1412, 328
1413, 328
1413, 327
1414, 327
1414, 326
1414, 326
1414, 325
1414, 325
1414, 324
1415, 324
1415, 323
1415, 323
1415, 322
1415, 322
1415, 322
1415, 321
1416, 321
1416, 321
1416, 320
1416, 319
1417, 319
1417, 319
1418, 319
1418, 319
1418, 318
1419, 318
1419, 318
1419, 317
1419, 317
1419, 317
1419, 316
1420, 316
1420, 315
1420, 315
1420, 315
1421, 314
1421, 314
1422, 313
1422, 313
1422, 312
1422, 312
1422, 311
1423, 310
1423, 310
1423, 310
1423, 309
1423, 309
1424, 309
1424, 308
1424, 308
1424, 307
1424, 306
1425, 306
1426, 305
1426, 305
1426, 304
1426, 304
1427, 303
1427, 302
1427, 302
1427, 301
1428, 301
1428, 300
1428, 300
1428, 299
1429, 298
1429, 298
1430, 298
1430, 297
1430, 297
1430, 296
1431, 296
1431, 295
1431, 294
1431, 294
1432, 293
1432, 293
1432, 292
1433, 292
1433, 291
1433, 290
1433, 290
1433, 289
1434, 289
1434, 289
1434, 288
1435, 288
1435, 288
1435, 288
1435, 287
1435, 286
1436, 286
1436, 285
1436, 285
1437, 285
1437, 284
1437, 284
1437, 284
1438, 283
1438, 282
1439, 282
1439, 282
1440, 281
1440, 281
1440, 280
1496, 236
1496, 236
2061, 400
2061, 400
2060, 402
2060, 402
2060, 402
2060, 403
2059, 403
2059, 403
2059, 404
2059, 404
2059, 404
2058, 405
2057, 405
2057, 405
2056, 405
2056, 405
2055, 405
2055, 405
2054, 405
2053, 405
2053, 405
2052, 405
2052, 405
2051, 405
2051, 405
2050, 405
2049, 405
2049, 405
2048, 405
2048, 405
2047, 405
2047, 405
2046, 405
2045, 405
2045, 405
2044, 405
2044, 405
2044, 405
2043, 405
2043, 405
2042, 405
2042, 405
2041, 405
2041, 405
2040, 404
2040, 404
2039, 404
2039, 404
2038, 404
2038, 404
2037, 404
2037, 403
2037, 403
2036, 403
2036, 403
2036, 403
2035, 402
2035, 402
2035, 401
2034, 401
2033, 400
2033, 400
2033, 400
2032, 400
2032, 399
2032, 399
2032, 399
2032, 398
2031, 398
2030, 395
2030, 395
2030, 394
2030, 393
2030, 393
2033, 390
2034, 390
2047, 388
2047, 388
2047, 388
2047, 388
2050, 388
2050, 389
2050, 389
2050, 389
2051, 389
2051, 389
2051, 390
2054, 395
2054, 395
2054, 396
2054, 396
2054, 397
2054, 398
2054, 398
2054, 399
2054, 399
2054, 400
2054, 400
2054, 401
2054, 402
2054, 402
2054, 403
2054, 403
2054, 404
2054, 404
2054, 405
2054, 406
2054, 406
2054, 407
2054, 407
2054, 407
2054, 407
2053, 407
2053, 408
2052, 408
2052, 408
2051, 408
2051, 408
2051, 408
2050, 408
2049, 408
2049, 408
2048, 408
2048, 409
2048, 409
2047, 409
2047, 409
2046, 409
2045, 410
2045, 410
2044, 410
2044, 410
2043, 410
2043, 410
2042, 410
2041, 410
2041, 410
2040, 410
2040, 410
2040, 410
2040, 409
2039, 409
2039, 409
2038, 409
2037, 409
2037, 409
2037, 409
2037, 408
2036, 408
2036, 408
2035, 408
2035, 408
2035, 407
2035, 407
2035, 406
2035, 405
2035, 405
2035, 404
2035, 404
2035, 404
2035, 403
2035, 403
2035, 402
2035, 401
2035, 401
2035, 400
2035, 400
2036, 400
2036, 400
2037, 400
2038, 400
2038, 400
2039, 400
2039, 400
2039, 399
2050, 399
2050, 399
2051, 399
2051, 399
2052, 399
2052, 399
2053, 399
2054, 399
2054, 399
2054, 399
2054, 399
2054, 400
2054, 400
2054, 400
2054, 401
2054, 401
2054, 402
2053, 402
2053, 403
2052, 403
2052, 404
2051, 404
2051, 405
2051, 405
2050, 406
2049, 406
2049, 406
2049, 406
2048, 406
2048, 407
2048, 407
2047, 407
2047, 408
2046, 408
2045, 408
2045, 409
2044, 409
2044, 410
2044, 410
2043, 410
2043, 410
2043, 410
2042, 410
2042, 411
2041, 411
2041, 411
2041, 411
2040, 412
2040, 412
2040, 412
2039, 412
2039, 412
2038, 412
2037, 412
2037, 412
2036, 412
2036, 412
2036, 412
2035, 412
2035, 412
2035, 412
2034, 412
2034, 412
2033, 412
2033, 412
2033, 411
2032, 411
2032, 411
2032, 410
2032, 409
2032, 409
2031, 409
2031, 408
2031, 408
2031, 407
2030, 407
2030, 407
2029, 407
2029, 406
2029, 405
2029, 405
2030, 405
2030, 405
2031, 405
2031, 405
2032, 405
2032, 405
2033, 405
2034, 405
2034, 405
2035, 405
2035, 405
2036, 405
2036, 405
2037, 405
2038, 405
2038, 405
2039, 405
2039, 405
2040, 405
2040, 405
2041, 405
2042, 405
2042, 405
2043, 405
2043, 405
2043, 405
2043, 406
2043, 406
2043, 406
2043, 406
2043, 407
2043, 407
2042, 407
2042, 408
2041, 408
2041, 408
2041, 409
2041, 410
2040, 410
2040, 410
2040, 410
2040, 411
2039, 411
2039, 412
2039, 412
2039, 412
2038, 412
2037, 412
2037, 412
2036, 412
2036, 412
2035, 412
2035, 412
2034, 412
2034, 412
2033, 412
2033, 412
2032, 412
2032, 412
2031, 412
2031, 412
2030, 412
2029, 412
2029, 412
2028, 412
2028, 412
2028, 412
2028, 412
2029, 412
2030, 412
2030, 412
2031, 412
2031, 412
2031, 413
2032, 413
2032, 413
2033, 413
2034, 413
2034, 413
2034, 414
2035, 414
2035, 414
2036, 414
2036, 414
2037, 414
2038, 414
2038, 414
2039, 414
2039, 415
2039, 415
2040, 415
2040, 415
2041, 415
2042, 415
2042, 415
2043, 415
2043, 415
2109, 443
2110, 443
2110, 443
2069, 960
2068, 960
2068, 960
2068, 960
2068, 961
2067, 961
2066, 961
2066, 961
2066, 961
1882, 1004
1881, 1004
1881, 1004
1881, 1003
1880, 1003
1879, 1003
1879, 1003
1878, 1003
1877, 1003
1877, 1003
1876, 1003
1876, 1003
1874, 1003
1874, 1003
1873, 1002
1873, 1001
1872, 1001
1872, 1001
1871, 1001
1871, 1001
1870, 1001
1869, 1001
1869, 1001
1868, 1001
1868, 1001
1868, 1000
1867, 1000
1866, 1000
1866, 1000
1865, 1000
1865, 1000
1864, 1000
1864, 1000
1862, 999
1862, 999
1861, 998
1860, 998
1860, 998
1859, 998
1873, 955
1873, 955
1873, 955
1874, 956
1875, 956
1875, 956
1875, 956
1876, 956
1876, 956
1877, 960
1877, 960
1876, 968
1876, 968
1876, 968
1873, 976
1873, 976
1873, 977
1873, 977
1873, 978
1873, 978
1873, 979
1873, 980
1873, 980
1873, 981
1873, 981
1873, 982
1873, 982
1873, 983
1873, 984
1873, 984
1873, 985
1873, 985
1872, 986
1872, 986
1872, 987
1872, 988
1872, 988
1872, 988
1871, 988
1871, 988
1870, 988
1870, 988
1870, 987
1870, 987
1870, 987
1870, 987
1870, 987
1871, 986
1871, 986
1872, 986
1872, 986
1873, 986
1873, 985
1873, 985
1874, 985
1875, 985
1875, 985
1875, 985
1876, 985
1876, 985
1876, 985
1875, 985
1874, 985
1874, 985
1874, 984
1874, 983
1873, 983
1873, 982
1873, 982
1873, 982
1872, 981
1872, 981
1872, 981
1872, 980
1871, 980
1871, 979
1870, 979
1870, 979
1870, 979
1869, 978
1869, 978
1869, 978
1868, 978
1868, 977
1867, 977
1866, 977
1866, 977
1866, 977
1867, 977
1867, 978
1867, 978
1868, 978
1868, 979
1869, 980
1869, 980
1870, 981
1870, 981
1871, 981
1871, 982
1871, 982
1872, 982
1872, 983
1872, 984
1873, 984
1873, 984
1873, 985
1874, 985
1874, 985
1875, 986
1875, 986
1876, 987
1876, 988
1877, 988
1877, 988
1884, 993
1885, 993
1885, 993
1886, 993
1887, 994
1887, 994
1888, 994
1888, 994
1888, 995
1889, 995
1889, 996
1889, 996
1889, 996
1889, 996
1888, 996
1888, 996
1887, 996
1886, 996
1886, 996
1886, 996
1885, 996
1885, 996
1884, 997
1884, 997
1879, 999
1879, 1000
1878, 1000
1878, 1000
1877, 1000
1877, 1001
1876, 1001
1876, 1002
1875, 1002
1875, 1002
1875, 1002
1875, 1003
1874, 1003
1874, 1004
1873, 1004
1873, 1004
1873, 1004
1873, 1005
1872, 1005
1872, 1006
1871, 1006
1871, 1006
1871, 1007
1871, 1008
1870, 1008
1870, 1008
1869, 1008
1869, 1009
1869, 1009
1869, 1009
1868, 1009
1868, 1010
1868, 1010
1868, 1011
1868, 1012
1867, 1012
1867, 1012
1866, 1012
1865, 1012
1865, 1012
1864, 1012
1864, 1012
1864, 1012
1864, 1011
1864, 1011
1864, 1010
1864, 1010
1864, 1009
1864, 1009
1864, 1008
1864, 1007
1864, 1007
1864, 1006
1864, 1006
1865, 1006
1866, 1006
1866, 1006
1867, 1006
1867, 1006
1868, 1006
1868, 1006
1868, 1006
1869, 1006
1870, 1006
1870, 1006
1871, 1006
1871, 1006
1872, 1006
1872, 1006
1873, 1006
1874, 1006
1874, 1006
1875, 1006
1875, 1006
1875, 1006
1876, 1006
1876, 1006
1876, 1006
1877, 1006
1878, 1006
1878, 1006
1878, 1006
1878, 1006
1879, 1006
1879, 1006
1879, 1007
1879, 1008
1879, 1008
1879, 1008
1879, 1009
1879, 1009
1879, 1009
1878, 1009
1878, 1009
1877, 1009
1877, 1009
1876, 1009
1876, 1009
1875, 1009
1875, 1009
1874, 1009
1873, 1009
1873, 1009
1872, 1009
1872, 1009
1871, 1009
1871, 1009
1870, 1009
1869, 1009
1869, 1009
1868, 1009
1868, 1009
1868, 1009
1868, 1009
1867, 1009
1867, 1010
1867, 1010
1867, 1010
1867, 1011
1866, 1011
1866, 1012
1865, 1012
1865, 1012
1865, 1012
1864, 1012
1864, 1012
1863, 1012
1863, 1012
1862, 1012
1861, 1012
1861, 1012
1860, 1012
1860, 1012
1859, 1012
1859, 1012
1859, 1012
1859, 1011
1859, 1011
1859, 1011
1859, 1011
1860, 1011
1860, 1010
1860, 1010
1861, 1010
1862, 1010
1862, 1009
1862, 1009
1862, 1009
1863, 1008
1863, 1007
1863, 1007
1863, 1006
1864, 1006
1864, 1006
1864, 1006
1864, 1005
1865, 1005
1866, 1005
1866, 1005
1866, 1004
1867, 1004
1867, 1004
1867, 1004
1868, 1004
1868, 1004
1868, 1004
1869, 1004
1870, 1004
1870, 1005
1870, 1005
1871, 1006
1871, 1006
1871, 1006
1872, 1006
1872, 1007
1872, 1008
1872, 1008
1872, 1008
1872, 1009
1872, 1009
1872, 1009
1872, 1010
1872, 1010
1872, 1011
1872, 1012
1872, 1012
1872, 1012
1872, 1013
1872, 1013
1872, 1013
1872, 1014
1871, 1014
1871, 1014
1871, 1015
1871, 1015
1871, 1015
1871, 1016
1871, 1017
1870, 1017
1870, 1017
1870, 1018
1869, 1018
1869, 1018
1869, 1019
1869, 1019
1869, 1019
1206, 914
1206, 914
1205, 913
1205, 913
1205, 912
1205, 911
1205, 911
1205, 910
1205, 910
1205, 910
1205, 909
1205, 909
1205, 908
1205, 907
1205, 907
1205, 906
1204, 906
1204, 905
1204, 905
1204, 904
1204, 904
1204, 903
1203, 895
1203, 894
1203, 894
1203, 893
1203, 892
1202, 891
1202, 891
1202, 890
1202, 890
1202, 888
1202, 888
1202, 887
1202, 887
1202, 886
1202, 885
1202, 885
1202, 884
1202, 883
1202, 883
1201, 882
1201, 881
1201, 880
1201, 880
1201, 878
1201, 878
1201, 877
1201, 877
1201, 875
1201, 875
1201, 874
1201, 874
1201, 873
1201, 872
1201, 871
1201, 871
1201, 870
1201, 870
1201, 869
1201, 869
1201, 868
1201, 867
1201, 867
1201, 866
1201, 866
1201, 866
1201, 865
1201, 865
1201, 864
1201, 864
1202, 863
1202, 863
1202, 863
1202, 862
1203, 862
1204, 862
1204, 861
1204, 861
1205, 861
1205, 861
1205, 861
1205, 860
1206, 860
1206, 860
1206, 860
1206, 860
1207, 860
1207, 861
1208, 861
1208, 862
1208, 862
1209, 862
1209, 863
1209, 864
1209, 864
1209, 864
1209, 865
1209, 865
1209, 866
1210, 866
1210, 866
1210, 867
1210, 868
1210, 868
1211, 869
1211, 869
1211, 870
1211, 870
1211, 871
1212, 871
1212, 872
1212, 872
1212, 873
1212, 873
1212, 873
1213, 874
1213, 874
1213, 875
1214, 875
1214, 876
1214, 876
1215, 877
1216, 877
1216, 878
1216, 878
1216, 879
1217, 880
1217, 880
1217, 881
1218, 881
1218, 882
1218, 882
1218, 883
1219, 883
1219, 884
1220, 884
1220, 885
1220, 885
1220, 886
1221, 886
1221, 886
1221, 887
1221, 887
1221, 887
1221, 888
1222, 888
1222, 889
1222, 889
1222, 889
1222, 890
1223, 890
1223, 890
1224, 890
1224, 890
1224, 890
1224, 890
1224, 889
1224, 888
1224, 888
1224, 887
1224, 887
1224, 886
1224, 886
1224, 885
1223, 885
1223, 885
1223, 885
1223, 884
1223, 883
1222, 883
1222, 883
1222, 882
1222, 882
1221, 882
1221, 882
1221, 881
1221, 881
1220, 881
1220, 880
1219, 879
1219, 879
1218, 879
1218, 879
1218, 878
1218, 878
1218, 878
1217, 877
1217, 877
1216, 877
1216, 877
1216, 876
1215, 876
1215, 875
1215, 875
1215, 874
1215, 874
1215, 873
1214, 873
1214, 872
1214, 871
1214, 871
1214, 870
1214, 870
1214, 869
1214, 869
1214, 869
1214, 868
1214, 867
1215, 867
1215, 867
1216, 867
1216, 867
1216, 866
1216, 866
1217, 866
1217, 865
1217, 865
1218, 865
1218, 865
1218, 865
1219, 865
1220, 865
1220, 864
1221, 864
1221, 863
1222, 863
1222, 863
1223, 863
1224, 863
1224, 863
1225, 863
1225, 862
1226, 862
1226, 862
1227, 862
1228, 862
1228, 862
1229, 862
1229, 862
1230, 862
1230, 862
1231, 862
1232, 862
1232, 861
1233, 861
1233, 861
1234, 861
1234, 861
1235, 861
1235, 861
1239, 861
1239, 861
1240, 861
1241, 861
1241, 861
1242, 861
1242, 861
1242, 861
1243, 861
1243, 861
1243, 862
1243, 862
1243, 862
1243, 862
1243, 863
1243, 863
1243, 864
1243, 864
1242, 864
1242, 865
1242, 865
1241, 865
1241, 866
1226, 877
1226, 877
1224, 878
1223, 878
1223, 878
1222, 878
1222, 878
1221, 878
1221, 879
1220, 879
1219, 879
1219, 879
1218, 879
1218, 879
1217, 879
1217, 879
1216, 879
1215, 879
1215, 879
1214, 879
1214, 879
1213, 879
1213, 879
1213, 879
1212, 879
1212, 879
1211, 879
1211, 878
1210, 878
1210, 878
1210, 878
1209, 878
1209, 878
1209, 877
1205, 875
1205, 875
1204, 875
1203, 875
1203, 875
1202, 875
1202, 875
1201, 875
1201, 874
1201, 874
1200, 874
1200, 874
1200, 873
1200, 873
1200, 872
1200, 871
1200, 871
1200, 870
1200, 870
1200, 869
1200, 869
1200, 869
1200, 868
1200, 867
1200, 867
1200, 867
1201, 867
1201, 866
1201, 866
1201, 866
1202, 865
1202, 865
1202, 865
1203, 865
1204, 865
1204, 864
1205, 863
1205, 863
1206, 863
1206, 862
1206, 862
1207, 862
1208, 862
1208, 862
1208, 861
1209, 861
1209, 861
1209, 861
1210, 860
1210, 860
1211, 860
1211, 859
1212, 859
1212, 859
1213, 859
1213, 859
1213, 859
1214, 859
1214, 858
1214, 858
1215, 858
1215, 858
1216, 858
1216, 858
1217, 858
1217, 858
1218, 858
1218, 858
1219, 858
1220, 858
1220, 858
1221, 858
1221, 858
1221, 858
1222, 858
1222, 858
1222, 858
1223, 858
1223, 859
1223, 860
1223, 860
1224, 860
1224, 861
1224, 861
1224, 862
1224, 862
1224, 863
1224, 864
1224, 864
1224, 865
1224, 865
1224, 866
1224, 866
1224, 867
1223, 868
1223, 868
1223, 869
1223, 869
1223, 870
1223, 870
1222, 870
1222, 871
1222, 872
1221, 872
1221, 873
1221, 873
1220, 874
1219, 874
1219, 874
1218, 876
1218, 876
1218, 877
1217, 877
1216, 877
1216, 878
1216, 879
1215, 879
1215, 880
1214, 880
1214, 881
1214, 881
1213, 881
1213, 882
1212, 883
1212, 883
1211, 883
1211, 884
1210, 884
1210, 885
1209, 885
1208, 886
1208, 886
1207, 886
1206, 889
1205, 889
1204, 889
1204, 890
1203, 890
1203, 891
1202, 892
1202, 892
1200, 893
1200, 893
1200, 893
1200, 894
1199, 894
1199, 895
1199, 895
1198, 895
1198, 896
1198, 896
1197, 896
1196, 896
1196, 896
1195, 896
1195, 896
1195, 896
1195, 896
1194, 896
1194, 895
1194, 895
1194, 894
1194, 894
1194, 893
1193, 893
1193, 893
1193, 892
1195, 867
1195, 867
1195, 866
1196, 864
1197, 864
1197, 863
1197, 863
1197, 863
1197, 862
1197, 861
1197, 861
1198, 861
1198, 860
1198, 860
1198, 860
1199, 860
1199, 859
1199, 859
1199, 859
1200, 859
1200, 858
1201, 858
1201, 858
1202, 858
1202, 857
1202, 857
1203, 857
1203, 857
1203, 857
1204, 857
1204, 856
1205, 856
1205, 856
1206, 856
1206, 856
1206, 856
1207, 856
1207, 856
1208, 856
1208, 856
1209, 856
1210, 855
1210, 855
1211, 855
1211, 855
1211, 855
1212, 855
1212, 855
1213, 855
1214, 855
1214, 855
1215, 855
1215, 855
1216, 855
1216, 855
1217, 855
1218, 854
1218, 854
1219, 854
1219, 854
1220, 854
1220, 854
1221, 854
1222, 854
1222, 854
1223, 854
1223, 854
1224, 854
1224, 854
1226, 854
1226, 854
1226, 854
1227, 854
1227, 854
1230, 856
1230, 856
1230, 857
1230, 858
1231, 858
1231, 859
1231, 859
1231, 860
1231, 860
1231, 861
1231, 862
1231, 862
1231, 863
1231, 863
1231, 864
1231, 864
1231, 865
1231, 866
1231, 866
1229, 869
1229, 870
1229, 870
1229, 871
1228, 871
1228, 871
1228, 871
1227, 871
1227, 871
1226, 872
1225, 872
1225, 872
1225, 873
1224, 873
1224, 873
1223, 873
1223, 874
1222, 874
1222, 875
1221, 875
1221, 875
1221, 875
1220, 875
1220, 875
1220, 876
1219, 876
1219, 876
1219, 876
1218, 877
1217, 877
1217, 877
1217, 877
1216, 877
1216, 877
1216, 878
1215, 878
1215, 879
1214, 879
1213, 879
1213, 880
1213, 880
1212, 880
1212, 880
1212, 880
1211, 880
1211, 881
1211, 881
1211, 881
1210, 882
1209, 882
1209, 882
1208, 882
1208, 882
1207, 882
1207, 882
1206, 882
1206, 882
1205, 882
1204, 882
1204, 882
1203, 882
1203, 882
1202, 882
1202, 882
1202, 882
1201, 882
1200, 882
1200, 882
1200, 882
1199, 882
1199, 881
1199, 881
1198, 881
1198, 881
1198, 881
1198, 880
1198, 880
1198, 879
1198, 878
1198, 878
1198, 877
1198, 877
1198, 876
1198, 876
1198, 876
1198, 875
1198, 874
1198, 874
1198, 873
1199, 873
1199, 873
1199, 872
1200, 872
1200, 871
1201, 870
1201, 870
1201, 870
1202, 870
1202, 869
1202, 869
1202, 869
1202, 868
1202, 868
1203, 868
1203, 867
1203, 867
1204, 867
1204, 867
1205, 867
1205, 866
1206, 866
1206, 866
1206, 865
1207, 865
1207, 865
1208, 865
1208, 865
1209, 865
1210, 865
1210, 865
1210, 865
1211, 865
1211, 865
1212, 865
1212, 865
1213, 865
1214, 865
1214, 865
1215, 865
1215, 865
1216, 865
1216, 865
1217, 864
1218, 864
1218, 864
1219, 864
1219, 864
1220, 864
1220, 864
1221, 864
1222, 864
1222, 864
1222, 864
1223, 864
1223, 864
1224, 864
1224, 864
1224, 864
1224, 864
1224, 864
1224, 865
1224, 866
1224, 866
1224, 867
1224, 867
1224, 868
1224, 868
1224, 868
1224, 869
1224, 869
1224, 870
1224, 871
1224, 871
1224, 871
1223, 871
1223, 872
1223, 872
1223, 873
1223, 873
1222, 873
1222, 874
1221, 875
1221, 875
1221, 875
1221, 876
1220, 876
1220, 876
1220, 876
1220, 877
1220, 877
1220, 877
1219, 877
1219, 877
1219, 877
1219, 876
1219, 876
1218, 876
1218, 875
1218, 874
1217, 874
1217, 874
1217, 874
1217, 873
1216, 873
1216, 872
1215, 872
1215, 872
1215, 872
1214, 871
1214, 870
1213, 870
1213, 870
1213, 870
1212, 870
1212, 870
1212, 869
1211, 869
1211, 869
1210, 869
1209, 869
1209, 869
1208, 869
1208, 869
1207, 869
1207, 869
1206, 869
1206, 869
1205, 869
1205, 869
1205, 869
1206, 869
1206, 869
1206, 869
1207, 869
1207, 868
1207, 868
1208, 868
1208, 868
1208, 868
1209, 868
1210, 868
1210, 868
1211, 868
1211, 868
1212, 868
1212, 867
1212, 867
1213, 867
1214, 867
1214, 867
1215, 867
1215, 867
1216, 867
1216, 867
1217, 867
1218, 867
1218, 867
1218, 867
1218, 868
1218, 868
1218, 869
1218, 869
1218, 870
1218, 871
1218, 871
1218, 872
1218, 872
1218, 873
1218, 873
1218, 874
1218, 874
1218, 875
1218, 875
1218, 876
1218, 876
1218, 877
1218, 877
1218, 878
1218, 879
1218, 879
1218, 880
1218, 880
1218, 881
1218, 881
1218, 882
1218, 882
1218, 883
1218, 883
1218, 884
1218, 884
1218, 885
1218, 885
1218, 886
1217, 887
1217, 887
1217, 888
1217, 888
1217, 888
1217, 889
1208, 905
1208, 905
1208, 905
1207, 905
1207, 907
1207, 907
1206, 907
1206, 908
1206, 908
1205, 909
1204, 909
1204, 910
1203, 911
1203, 912
1203, 912
1203, 912
1202, 913
1182, 935
1180, 936
1180, 937
1180, 937
1180, 938
1180, 938
1180, 938
1180, 939
1179, 939
1179, 939
1178, 940
675, 1181
675, 1181
675, 1180
674, 1180
674, 1180
674, 1180
673, 1180
673, 1179
673, 1179
673, 1178
665, 1170
665, 1170
665, 1170
665, 1169
665, 1168
665, 1168
664, 1168
664, 1167
663, 1167
663, 1167
663, 1167
662, 1167
662, 1167
634, 1044
645, 962
646, 962
646, 961
646, 961
646, 960
647, 960
647, 959
647, 958
647, 958
647, 957
647, 957
648, 956
648, 956
648, 955
648, 954
648, 954
648, 953
649, 953
649, 953
649, 952
649, 952
649, 951
650, 951
650, 950
650, 950
650, 949
650, 949
650, 948
650, 948
651, 948
651, 946
651, 946
652, 946
652, 945
652, 945
652, 944
652, 944
653, 944
653, 943
653, 943
653, 942
653, 942
654, 942
654, 941
654, 941
654, 941
654, 940
655, 940
655, 940
655, 939
655, 938
655, 938
656, 938
656, 938
657, 938
657, 937
657, 937
657, 936
658, 936
658, 936
659, 936
659, 935
659, 935
659, 934
660, 934
660, 934
661, 934
661, 934
661, 933
662, 933
662, 933
662, 933
663, 933
663, 932
663, 932
664, 932
665, 932
671, 931
671, 931
672, 931
672, 931
673, 931
674, 931
674, 931
675, 931
675, 931
675, 931
676, 931
676, 931
676, 932
677, 932
678, 932
678, 932
678, 932
678, 933
679, 933
679, 933
679, 934
679, 934
679, 935
679, 935
680, 935
680, 936
680, 936
680, 937
681, 937
681, 937
681, 938
682, 938
682, 939
682, 939
682, 940
682, 940
682, 941
683, 941
683, 942
683, 943
683, 943
683, 943
683, 944
683, 944
683, 945
683, 945
683, 946
683, 947
683, 947
683, 948
683, 948
683, 949
683, 949
683, 950
683, 951
683, 951
683, 952
683, 952
683, 953
683, 953
683, 954
683, 955
683, 955
683, 955
683, 956
683, 956
683, 957
682, 957
681, 957
681, 958
681, 959
681, 959
681, 960
681, 960
680, 961
680, 961
679, 961
650, 963
650, 963
649, 962
648, 961
648, 960
648, 959
648, 959
647, 958
647, 958
647, 957
647, 957
647, 957
647, 956
646, 955
646, 954
646, 954
646, 953
646, 953
646, 952
645, 952
645, 951
645, 951
645, 950
645, 950
646, 946
646, 946
647, 944
649, 942
650, 942
651, 941
652, 941
652, 941
653, 941
653, 940
654, 940
655, 940
656, 939
656, 939
657, 939
657, 939
658, 939
658, 939
659, 939
660, 939
660, 939
661, 938
661, 938
662, 938
662, 938
664, 937
672, 935
672, 935
673, 935
673, 935
674, 935
675, 934
675, 934
676, 934
677, 934
677, 934
678, 934
679, 934
679, 934
680, 933
680, 933
681, 933
681, 933
682, 933
683, 932
683, 932
690, 931
691, 931
691, 931
692, 931
692, 931
694, 933
694, 933
694, 934
694, 934
694, 935
694, 943
693, 943
693, 944
693, 945
693, 945
693, 946
693, 946
693, 946
693, 947
693, 947
692, 947
692, 948
692, 949
692, 949
692, 950
692, 950
691, 950
691, 951
690, 951
690, 951
690, 952
690, 952
690, 953
689, 953
689, 953
689, 953
688, 954
688, 954
688, 954
688, 955
687, 955
687, 955
686, 955
686, 955
686, 956
685, 956
685, 957
685, 957
685, 957
684, 957
684, 957
683, 957
682, 957
682, 957
682, 957
681, 957
681, 957
681, 957
681, 956
680, 956
680, 956
680, 955
680, 955
680, 954
680, 954
680, 953
680, 952
680, 952
680, 951
680, 951
680, 950
680, 950
680, 949
680, 948
680, 948
680, 947
680, 947
680, 947
680, 946
680, 946
680, 945
680, 944
681, 944
681, 944
681, 943
681, 943
681, 942
681, 942
681, 942
681, 941
682, 941
683, 941
683, 941
683, 941
683, 940
683, 940
682, 940
682, 940
681, 940
681, 941
680, 941
680, 941
679, 942
678, 942
677, 942
677, 943
676, 943
676, 943
675, 944
674, 944
672, 945
672, 945
671, 946
670, 946
669, 946
668, 946
665, 948
664, 949
662, 949
662, 949
661, 949
659, 950
658, 951
657, 951
655, 951
655, 951
653, 952
652, 952
651, 952
650, 953
650, 953
648, 953
648, 953
646, 954
645, 954
644, 954
643, 954
642, 954
641, 954
640, 955
639, 955
638, 956
637, 956
637, 956
636, 957
635, 957
634, 957
634, 957
633, 957
633, 958
631, 958
631, 958
630, 958
630, 958
629, 958
629, 958
629, 959
629, 959
630, 959
631, 959
631, 959
632, 959
632, 959
633, 959
633, 959
634, 959
635, 959
635, 959
636, 959
636, 959
637, 959
637, 959
639, 958
639, 957
639, 957
640, 957
640, 957
641, 957
641, 957
642, 957
643, 956
644, 956
644, 956
645, 956
646, 956
646, 955
646, 955
647, 954
647, 954
647, 954
648, 954
648, 954
649, 954
649, 954
650, 953
651, 953
651, 953
652, 953
652, 953
653, 953
653, 953
654, 952
655, 952
655, 952
655, 952
656, 952
656, 951
656, 951
657, 951
657, 951
657, 950
658, 950
659, 950
659, 950
660, 950
660, 950
660, 949
661, 949
661, 949
662, 949
663, 949
663, 948
664, 948
664, 948
665, 948
665, 948
666, 947
667, 947
667, 947
668, 947
668, 946
669, 946
669, 946
670, 946
671, 946
671, 945
672, 945
672, 945
673, 945
673, 945
674, 945
675, 945
675, 945
676, 945
676, 945
677, 945
677, 945
678, 945
679, 945
679, 945
680, 945
680, 945
680, 945
681, 945
681, 945
682, 945
682, 945
683, 945
684, 945
684, 945
685, 945
685, 946
686, 946
686, 946
687, 946
687, 947
688, 947
688, 947
689, 947
689, 947
690, 947
690, 947
691, 947
692, 947
692, 947
693, 947
693, 947
694, 947
694, 947
695, 947
696, 947
696, 947
697, 947
697, 947
698, 948
698, 948
699, 948
700, 948
700, 948
702, 949
702, 949
702, 950
702, 951
702, 951
702, 952
702, 952
701, 955
701, 955
701, 955
701, 956
700, 956
700, 956
699, 956
699, 957
699, 957
699, 958
698, 958
698, 959
698, 959
698, 959
697, 959
697, 960
697, 960
697, 960
697, 960
698, 960
698, 960
698, 960
699, 960
699, 959
700, 959
700, 959
700, 959
700, 959
700, 960
699, 960
699, 960
699, 961
699, 961
699, 961
700, 961
700, 961
701, 961
701, 961
702, 961
702, 961
703, 961
704, 961
704, 961
708, 961
708, 961
709, 961
709, 961
710, 961
710, 961
711, 961
712, 961
712, 961
713, 961
713, 961
714, 961
714, 961
715, 961
715, 961
716, 961
717, 961
717, 961
717, 962
718, 962
718, 963
718, 963
719, 963
719, 963
720, 963
720, 963
720, 964
720, 964
720, 964
720, 965
720, 965
719, 965
719, 965
718, 965
718, 965
718, 965
718, 966
717, 967
716, 967
716, 967
716, 967
716, 968
715, 968
715, 968
714, 968
714, 968
713, 968
713, 968
713, 968
713, 968
713, 968
714, 968
714, 968
714, 968
715, 968
715, 968
715, 968
716, 968
716, 967
717, 967
717, 967
718, 967
718, 967
719, 967
719, 966
719, 966
720, 966
721, 966
721, 966
722, 966
722, 965
722, 965
722, 965
721, 965
721, 965
720, 965
720, 965
719, 965
719, 965
719, 965
718, 965
718, 965
718, 965
718, 965
718, 965
718, 965
718, 965
718, 965
718, 965
717, 965
717, 965
716, 965
716, 965
715, 965
715, 965
714, 965
714, 965
713, 965
713, 965
712, 965
711, 965
711, 965
710, 965
710, 965
710, 965
710, 965
710, 965
710, 965
710, 965
711, 965
711, 964
712, 964
712, 964
713, 964
713, 964
714, 964
714, 964
715, 964
715, 964
715, 964
716, 964
717, 964
717, 964
718, 964
718, 963
718, 963
718, 962
719, 962
719, 962
719, 962
719, 962
719, 962
719, 962
719, 963
719, 963
719, 963
719, 964
719, 964
719, 964
720, 964
721, 964
721, 964
722, 964
722, 964
722, 964
723, 964
723, 964
724, 964
725, 964
725, 963
725, 963
725, 963
725, 963
725, 963
725, 963
725, 964
724, 964
724, 964
724, 964
723, 964
723, 964
723, 965
722, 965
722, 965
722, 965
721, 965
720, 965
720, 966
720, 966
719, 967
719, 967
718, 967
718, 967
718, 967
717, 967
717, 967
717, 967
718, 967
718, 967
719, 967
719, 967
719, 967
720, 967
720, 966
721, 966
721, 966
721, 966
722, 966
722, 966
722, 965
723, 965
723, 965
723, 965
724, 965
724, 964
725, 964
725, 964
725, 964
726, 964
726, 964
727, 964
727, 963
727, 963
728, 963
729, 963
729, 962
730, 962
730, 962
730, 962
731, 962
731, 962
731, 961
732, 961
732, 961
732, 961
732, 961
731, 961
731, 962
731, 962
731, 963
730, 963
730, 963
730, 963
730, 964
729, 964
729, 964
728, 964
728, 965
728, 965
727, 965
727, 966
727, 967
726, 967
726, 967
726, 967
726, 968
725, 968
724, 969
724, 969
724, 969
724, 969
724, 969
724, 969
724, 969
725, 969
725, 969
725, 969
726, 969
726, 969
727, 969
727, 969
727, 968
728, 968
729, 968
729, 968
730, 968
730, 968
731, 968
731, 968
731, 968
731, 968
730, 968
730, 968
729, 968
728, 968
728, 968
727, 968
727, 968
727, 968
726, 968
726, 968
726, 968
726, 969
725, 969
724, 969
724, 969
723, 969
723, 969
722, 969
722, 969
722, 970
721, 970
720, 970
720, 971
720, 971
719, 971
719, 971
719, 971
719, 972
718, 972
718, 972
717, 972
717, 972
717, 972
717, 972
717, 972
718, 972
718, 971
718, 971
718, 970
718, 970
718, 969
718, 969
718, 968
718, 968
718, 967
718, 966
718, 966
718, 965
718, 965
718, 964
718, 964
719, 964
719, 964
719, 964
719, 964
719, 964
719, 964
718, 964
718, 964
718, 965
717, 965
717, 965
716, 965
716, 966
716, 967
715, 967
715, 967
714, 967
714, 968
714, 968
714, 968
713, 969
713, 969
713, 969
712, 969
712, 970
711, 970
711, 971
711, 971
711, 971
710, 971
710, 972
710, 972
710, 972
670, 1024
516, 1121
202, 949
202, 949
202, 948
202, 948
201, 947
201, 946
201, 946
201, 945
201, 945
201, 944
201, 944
200, 944
200, 943
200, 942
200, 942
200, 941
200, 941
200, 940
199, 940
199, 940
264, 845
264, 845
265, 845
265, 845
267, 845
267, 845
267, 846
267, 846
267, 847
279, 871
279, 871
279, 872
279, 872
279, 873
279, 874
279, 875
279, 875
279, 876
279, 876
279, 877
280, 877
280, 878
280, 879
280, 879
280, 880
281, 880
281, 881
281, 882
281, 882
281, 883
281, 883
281, 884
281, 884
281, 885
281, 886
281, 886
281, 887
281, 887
281, 888
281, 888
281, 889
281, 889
281, 890
281, 891
281, 891
281, 892
281, 892
281, 892
280, 892
280, 893
280, 893
280, 894
280, 895
279, 895
279, 895
279, 896
279, 896
279, 896
276, 897
276, 897
275, 897
275, 898
274, 898
274, 898
272, 898
272, 898
272, 897
272, 897
271, 897
271, 896
271, 896
271, 896
271, 895
269, 893
269, 892
269, 892
268, 891
268, 890
268, 890
268, 890
267, 889
267, 889
267, 888
267, 888
267, 887
267, 887
267, 886
266, 886
266, 885
266, 885
266, 884
265, 884
261, 876
261, 876
260, 876
260, 875
260, 875
259, 874
259, 873
259, 873
259, 873
259, 872
259, 872
260, 872
261, 872
261, 872
262, 872
262, 872
263, 872
263, 872
263, 872
275, 874
276, 875
276, 875
277, 875
277, 875
278, 875
278, 875
279, 875
280, 875
280, 875
281, 875
281, 875
282, 875
282, 875
283, 875
283, 876
284, 876
285, 876
285, 876
286, 876
286, 876
287, 876
287, 876
288, 876
289, 876
289, 877
289, 877
290, 877
290, 877
291, 877
291, 877
292, 878
293, 878
293, 878
294, 878
294, 878
295, 878
295, 878
295, 878
296, 878
297, 878
297, 878
297, 879
297, 879
297, 880
296, 880
296, 880
295, 880
295, 881
295, 881
295, 882
294, 882
294, 882
294, 882
293, 882
293, 883
292, 883
292, 883
291, 883
291, 883
290, 883
290, 883
290, 883
290, 883
289, 883
289, 882
289, 881
289, 881
289, 880
288, 880
288, 880
288, 879
288, 879
289, 879
289, 879
289, 879
288, 879
288, 879
287, 879
287, 879
287, 879
287, 879
286, 879
286, 879
286, 879
286, 880
286, 880
285, 880
285, 881
285, 882
285, 882
284, 883
284, 883
284, 883
284, 884
283, 884
283, 885
283, 885
283, 885
283, 884
283, 884
283, 884
283, 884
284, 884
284, 883
285, 883
285, 883
286, 883
286, 883
287, 883
287, 883
287, 883
288, 883
289, 883
289, 882
289, 882
290, 882
290, 882
291, 882
291, 881
291, 881
292, 881
293, 881
293, 881
293, 881
294, 881
294, 881
295, 881
295, 881
295, 881
295, 882
295, 882
295, 883
295, 883
295, 883
295, 884
295, 884
294, 884
294, 884
294, 885
293, 885
292, 886
292, 886
292, 886
291, 886
291, 887
291, 887
290, 887
290, 887
289, 887
288, 887
288, 887
287, 887
287, 887
286, 887
286, 887
286, 887
286, 887
286, 887
287, 887
287, 887
287, 886
288, 886
289, 886
289, 885
289, 885
290, 885
290, 885
290, 884
291, 884
291, 884
291, 884
292, 883
293, 883
293, 883
294, 883
294, 882
295, 881
295, 881
296, 881
297, 880
297, 880
297, 880
297, 880
297, 880
297, 880
297, 880
296, 880
296, 881
295, 882
295, 882
294, 882
294, 883
293, 883
292, 884
292, 884
292, 884
291, 884
291, 885
290, 886
290, 886
290, 886
289, 886
288, 887
288, 887
287, 888
287, 888
287, 888
286, 888
286, 889
286, 889
285, 889
284, 890
284, 891
284, 891
284, 891
283, 891
283, 892
283, 892
283, 892
282, 892
282, 892
282, 893
282, 893
282, 893
282, 892
282, 892
282, 891
282, 890
282, 890
282, 890
282, 889
282, 889
282, 888
282, 888
282, 888
282, 887
283, 887
283, 886
283, 885
283, 885
283, 885
283, 884
283, 884
284, 883
284, 883
284, 882
285, 882
285, 881
285, 881
285, 880
285, 880
285, 879
285, 879
285, 878
285, 877
285, 877
286, 876
286, 876
286, 875
287, 875
287, 875
287, 875
287, 874
286, 874
286, 874
285, 874
285, 874
284, 874
284, 874
284, 874
283, 874
283, 874
283, 875
282, 875
282, 875
282, 875
281, 875
281, 875
281, 876
280, 876
280, 876
279, 876
279, 877
279, 877
278, 877
278, 878
278, 878
277, 878
277, 878
277, 878
277, 879
276, 879
276, 879
275, 879
274, 880
274, 881
273, 882
273, 882
273, 883
272, 883
272, 883
272, 884
272, 884
271, 884
271, 884
271, 885
270, 885
270, 885
270, 885
270, 885
270, 885
270, 886
270, 886
269, 886
269, 887
269, 887
269, 887
268, 888
267, 888
267, 888
267, 888
267, 889
267, 889
266, 889
266, 890
266, 890
265, 891
265, 891
265, 892
265, 892
264, 892
262, 894
262, 895
231, 926
230, 927
229, 927
228, 927
228, 928
227, 928
227, 928
225, 930
224, 930
224, 930
224, 931
223, 931
222, 931
221, 932
221, 932
220, 932
219, 933
218, 934
218, 934
217, 935
216, 935
216, 935
215, 936
215, 937
214, 937
213, 938
212, 938
212, 938
210, 939
210, 940
210, 940
209, 941
208, 941
208, 941
207, 942
206, 943
205, 943
205, 944
203, 944
203, 944
202, 945
202, 945
201, 946
200, 946
200, 947
199, 947
198, 947
197, 947
196, 949
196, 949
194, 950
192, 951
192, 951
185, 955
184, 956
183, 957
183, 957
182, 958
182, 958
181, 958
181, 958
180, 959
179, 959
179, 960
178, 960
177, 961
177, 961
176, 961
175, 962
175, 962
174, 962
174, 962
173, 963
173, 963
172, 963
172, 964
171, 964
170, 964
170, 965
169, 965
168, 966
168, 966
167, 966
167, 966
166, 967
166, 967
165, 967
164, 967
164, 967
163, 968
163, 968
163, 968
162, 968
162, 968
161, 969
161, 969
160, 969
159, 969
159, 970
158, 970
158, 970
157, 970
157, 971
156, 971
155, 971
155, 971
88, 1006
88, 1006
86, 1006
85, 1007
85, 1007
84, 1007
84, 1007
84, 1008
54, 1027
53, 1028
53, 1029
53, 1029
52, 1029
51, 1029
51, 1030
51, 1030
51, 1030
51, 1031
50, 1031
50, 1031
50, 1031
50, 1032
49, 1032
49, 1033
49, 1033
48, 1034
47, 1034
47, 1034
47, 1035
46, 1035
46, 1036
45, 1036
45, 1037
44, 1038
44, 1038
44, 1039
43, 1039
43, 1039
43, 1039
43, 1039
43, 1039
43, 1039
43, 1039
42, 1039
42, 1040
42, 1040
42, 1041
42, 1042
42, 1042
41, 1042
41, 1042
40, 1042
39, 1042
39, 1042
38, 1042
38, 1042
38, 1042
38, 1043
38, 1043
38, 1043
38, 1043
38, 1043
38, 1042
39, 1042
39, 1041
40, 1041
40, 1041
41, 1041
41, 1041
42, 1041
42, 1040
42, 1040
42, 1040
43, 1040
44, 1039
44, 1039
45, 1039
45, 1039
46, 1038
46, 1038
47, 1037
48, 1037
48, 1036
49, 1036
49, 1036
50, 1035
50, 1035
50, 1035
51, 1035
52, 1034
52, 1034
52, 1034
53, 1034
53, 1033
54, 1033
54, 1032
54, 1032
54, 1032
55, 1032
55, 1031
56, 1031
56, 1031
57, 1030
154, 972
156, 972
156, 971
157, 971
158, 970
159, 970
159, 969
160, 968
161, 968
162, 967
163, 967
163, 966
165, 965
165, 965
166, 964
167, 964
168, 964
168, 963
169, 963
170, 962
170, 961
171, 961
172, 961
172, 960
173, 960
174, 959
175, 959
175, 959
176, 958
178, 957
178, 957
179, 956
179, 956
180, 956
180, 955
181, 954
182, 954
182, 954
183, 954
185, 952
186, 952
187, 952
192, 948
194, 947
198, 945
198, 945
199, 944
200, 943
201, 943
201, 943
202, 943
202, 942
203, 942
203, 942
204, 941
205, 941
206, 941
206, 941
207, 940
208, 939
208, 939
209, 939
209, 939
210, 939
210, 939
212, 938
212, 938
213, 937
213, 937
213, 937
214, 937
214, 937
215, 937
216, 936
217, 936
217, 935
217, 935
218, 935
219, 934
219, 934
220, 934
220, 934
221, 934
221, 933
221, 933
222, 933
223, 933
223, 933
224, 933
224, 933
225, 932
225, 932
227, 932
227, 931
227, 931
228, 931
228, 931
228, 931
229, 931
229, 931
229, 930
230, 930
231, 930
231, 930
232, 930
232, 930
238, 932
239, 932
239, 932
240, 934
241, 935
241, 935
242, 935
243, 935
355, 862
355, 862
354, 861
354, 860
354, 859
354, 859
354, 859
353, 859
353, 858
353, 858
353, 858
352, 858
351, 857
351, 857
350, 857
350, 857
349, 857
349, 857
349, 857
